3.06645, 4.97479
4.37367, 4.61805
-0.135201, 5.74703
0.17352, 5.65425
4.17423, 4.67686
5.36056, 4.37931
-1.40615, 6.0396
6.21825, 4.11356
2.37361, 5.10949
1.51996, 5.33666
-2.44857, 6.29819
2.24032, 5.14494
-0.970672, 5.91887
6.06116, 4.20034
-0.513211, 5.84187
0.964217, 5.44578
2.9058, 4.95341
0.390444, 5.57577
0.33888, 5.59569
-2.30059, 6.27175
-0.47847, 5.76623
0.576362, 5.52395
2.38366, 5.07813
1.41202, 5.32352
6.27191, 4.10284
3.64059, 4.75969
-2.03863, 6.16844
2.55902, 5.02267
-0.439073, 5.74939
3.43354, 4.80885
1.24231, 5.34675
5.74364, 4.21405
4.9953, 4.41839
-2.43933, 6.27373
5.94843, 4.17457
1.22754, 5.36363
-3.26553, 6.4515
3.25358, 4.8459
2.19678, 5.10386
2.37496, 5.06696
4.57662, 4.51045
4.51658, 4.52708
-3.30931, 6.45529
6.02486, 4.14648
-1.30617, 5.9662
-2.84077, 6.38423
4.19299, 4.59421
5.69299, 4.24747
3.35766, 4.79774
4.82559, 4.44636
-0.181385, 5.67341
4.3139, 4.56022
2.80068, 4.93035
1.38781, 5.27803
5.462, 4.27214
-2.20347, 6.16805
4.26636, 4.57322
2.8804, 4.90542
-2.70276, 6.28401
-0.937418, 5.86814
5.43818, 4.27144
-1.41109, 5.95985
2.89308, 4.9129
1.47068, 5.24387
-0.974974, 5.84974
-1.53016, 5.98379
2.02529, 5.1044
5.94755, 4.12834
-1.43963, 5.95146
5.69948, 4.17995
3.80486, 4.6525
3.04642, 4.83755
0.810494, 5.41394
-2.59179, 6.23494
-2.00632, 6.07489
0.490419, 5.47399
-2.45025, 6.17779
-0.13972, 5.62135
-1.74643, 6.01467
2.4071, 4.99316
0.336499, 5.48293
-1.38544, 5.90706
2.65092, 4.92017
4.68782, 4.41178
-1.26793, 5.87749
2.1481, 5.03569
2.76581, 4.87322
-0.176945, 5.59985
6.05277, 4.05355
3.92931, 4.57548
-1.03728, 5.79132
3.34015, 4.71425
2.90317, 4.81872
1.25586, 5.25111
0.487441, 5.43162
-2.93935, 6.26612
-3.00544, 6.28233
4.4527, 4.43226
0.738211, 5.35142
-2.40255, 6.13418
3.00773, 4.78349
-2.60812, 6.17027
-3.16088, 6.30403
3.70839, 4.60421
-1.91484, 5.98171
3.18008, 4.73022
0.917122, 5.29236
-0.902763, 5.73462
2.05783, 5.00243
0.316765, 5.43133
0.970697, 5.26921
4.12736, 4.48088
1.59816, 5.14449
-2.6508, 6.14001
-3.14809, 6.27467
5.24374, 4.18636
-1.97528, 6.01997
5.86115, 4.04268
5.54478, 4.12228
0.866976, 5.26337
0.0388506, 5.47464
2.54696, 4.85627
-1.65277, 5.90256
5.74261, 4.06912
-1.73152, 5.91178
1.99306, 4.98638
4.42458, 4.38328
0.249579, 5.41194
4.99979, 4.23849
5.61394, 4.07784
0.433584, 5.35723
0.532555, 5.32979
4.15273, 4.42714
0.128542, 5.42874
5.07493, 4.23833
5.56791, 4.07725
1.09568, 5.18445
1.76385, 4.99987
1.27076, 5.13671
3.60632, 4.56812
0.750358, 5.26406
3.31912, 4.61767
-1.65822, 5.87167
-1.9804, 5.92393
2.38838, 4.84911
-2.22043, 5.96691
0.778091, 5.21985
-1.72837, 5.85021
-2.32501, 5.99586
0.890929, 5.19925
1.24236, 5.11292
5.22437, 4.12457
-0.77719, 5.59612
3.64856, 4.51787
-0.121226, 5.44867
2.66476, 4.75371
2.52302, 4.78944
0.332383, 5.31005
0.457952, 5.30876
0.0346725, 5.4004
5.05363, 4.15979
-0.278934, 5.49061
-1.18103, 5.68314
1.02086, 5.1404
-3.09222, 6.14754
3.06493, 4.62842
4.64431, 4.22775
1.02765, 5.12475
4.31617, 4.29646
-1.33665, 5.71924
3.32632, 4.55217
-0.427315, 5.4815
1.91303, 4.88505
3.17455, 4.59041
1.19463, 5.07909
1.95345, 4.9076
-0.82787, 5.57164
6.22034, 3.81947
0.936991, 5.14853
-0.733673, 5.54403
2.32546, 4.78051
-0.782018, 5.54265
0.601814, 5.22159
0.57503, 5.21358
6.07793, 3.87998
4.65884, 4.18974
3.08597, 4.58148
1.57122, 4.9479
-1.53897, 5.70661
1.56762, 4.9665
1.17744, 5.0412
-3.11134, 6.09908
-1.52706, 5.71529
-2.41666, 5.95613
-3.14005, 6.12039
-1.427, 5.68301
3.21292, 4.54018
1.18657, 5.03901
5.68323, 3.93666
5.64043, 3.94008
1.47694, 4.96902
4.77813, 4.14808
5.98321, 3.82155
-1.24021, 5.63569
-2.45405, 5.93672
4.49889, 4.20428
4.16179, 4.30275
1.932, 4.84562
-0.412955, 5.43377
5.92249, 3.85778
2.91536, 4.6022
4.51044, 4.20663
-1.40379, 5.65442
-2.05062, 5.80216
0.214172, 5.25391
5.83262, 3.85776
4.06385, 4.29699
5.91665, 3.82203
-0.713343, 5.47485
6.02787, 3.80471
1.13368, 5.01699
-1.00602, 5.5421
-3.329, 6.12132
-3.38858, 6.12541
-2.54553, 5.90963
0.958469, 5.07334
1.54484, 4.88896
2.36166, 4.69478
-2.61068, 5.92429
4.01687, 4.26429
3.39366, 4.41648
-0.172517, 5.28842
1.66001, 4.82587
3.29264, 4.43698
4.19281, 4.21798
-0.653206, 5.40208
-1.85904, 5.69615
4.71196, 4.07051
0.0129231, 5.22323
-2.44368, 5.86984
-0.712305, 5.41985
4.4501, 4.12944
-2.89271, 5.9388
-1.86753, 5.68198
-0.909471, 5.47004
1.50495, 4.85894
-3.21764, 6.02096
4.0726, 4.21823
4.69128, 4.06418
-1.41496, 5.57701
6.1732, 3.69083
-1.94189, 5.68517
3.74576, 4.29333
2.64373, 4.5605
-1.28025, 5.52022
1.98067, 4.72594
0.291205, 5.15063
5.6247, 3.81382
1.54235, 4.82355
1.98944, 4.71
3.99362, 4.21262
3.48746, 4.34336
5.28653, 3.89067
-2.53863, 5.82636
-2.02873, 5.69771
1.88561, 4.72419
-3.24437, 5.9786
-2.31451, 5.78728
-1.53659, 5.5502
1.89676, 4.70095
-3.05365, 5.91375
2.54918, 4.52932
-2.73291, 5.87544
5.6839, 3.7568
-3.20998, 5.95597
4.17265, 4.13361
5.71414, 3.74848
3.35265, 4.32852
-1.05881, 5.41033
-1.65284, 5.55247
-2.175, 5.69823
2.1132, 4.6338
6.02296, 3.65213
4.80892, 3.96127
-0.74103, 5.31898
-3.3251, 5.97045
-1.619, 5.53185
5.99702, 3.61553
-2.86021, 5.82701
-2.91951, 5.85437
-0.0853431, 5.13604
0.442028, 5.03797
5.00997, 3.8827
-0.455312, 5.24553
5.93808, 3.65585
3.5263, 4.26103
0.299111, 5.03184
0.759606, 4.92601
-0.618303, 5.28627
-2.66566, 5.7682
-3.47763, 5.96148
2.37888, 4.52536
4.5453, 3.97099
-2.73908, 5.79016
3.07071, 4.34383
-1.68114, 5.51854
1.44923, 4.74431
0.602187, 4.94513
-1.50451, 5.4627
0.792628, 4.90372
5.67819, 3.69085
0.19355, 5.03439
0.813374, 4.88282
-1.10366, 5.3545
-0.102856, 5.1088
0.490314, 4.96262
5.02313, 3.86164
3.10356, 4.30643
4.34912, 3.99847
1.5185, 4.67785
-0.222034, 5.11463
-3.14104, 5.8442
-1.486, 5.43358
-3.4492, 5.91332
3.33598, 4.23773
0.848838, 4.84907
5.39272, 3.72545
3.46894, 4.20115
5.37262, 3.71399
0.610095, 4.90273
-3.14884, 5.7939
2.69602, 4.37133
0.969925, 4.79697
3.8394, 4.09085
0.721274, 4.86253
-1.60893, 5.42999
3.9564, 4.04668
-0.373714, 5.1185
2.22652, 4.46471
5.03499, 3.77909
0.0500389, 5.01842
-2.04047, 5.48031
1.49787, 4.64768
2.35551, 4.42955
2.13101, 4.48082
2.47416, 4.40222
-1.69903, 5.42545
-0.564577, 5.14411
-3.05288, 5.75335
0.469679, 4.90931
3.27455, 4.18757
-1.67822, 5.42401
-0.514368, 5.06234
-2.46477, 5.60621
-1.95379, 5.46885
0.39674, 4.8919
0.281057, 4.88424
-1.35824, 5.32473
-1.41179, 5.33466
3.11003, 4.20449
2.89277, 4.27146
3.88974, 4.0176
-0.451985, 5.10103
5.843, 3.54286
4.17654, 3.9349
-2.1173, 5.49208
0.327757, 4.88529
-0.124148, 4.99929
-0.846273, 5.17098
6.15958, 3.41869
1.02611, 4.70117
5.30746, 3.63227
-0.950117, 5.18063
4.03713, 3.94732
2.91078, 4.23955
3.17997, 4.16205
-0.770723, 5.12868
0.335623, 4.86074
3.33216, 4.11594
-2.30596, 5.50403
-0.335988, 5.02012
3.78992, 4.00676
-2.28444, 5.50797
-2.80639, 5.62716
1.72195, 4.50683
-1.85377, 5.37847
-1.22501, 5.23203
-0.818669, 5.12914
6.03446, 3.44114
2.16169, 4.38758
3.40958, 4.09036
4.08447, 3.91395
3.14005, 4.14595
2.02662, 4.40372
4.14028, 3.89574
3.76296, 3.99343
-2.44499, 5.51383
-2.35236, 5.48889
1.59686, 4.51152
-0.220082, 4.96769
-2.62624, 5.56302
-2.66356, 5.55738
-0.825773, 5.13595
2.50883, 4.2729
0.410687, 4.77478
4.92219, 3.71654
-1.43208, 5.24436
-0.619266, 5.05496
0.12518, 4.85481
2.93014, 4.13452
4.90813, 3.65949
0.650089, 4.71241
-2.37998, 5.47118
3.00875, 4.12987
-0.304257, 4.94444
-1.57328, 5.28103
5.72245, 3.45417
5.90835, 3.39831
1.40529, 4.51218
-1.7445, 5.28732
-1.63868, 5.26904
-1.58207, 5.24283
-3.50461, 5.70754
-2.64046, 5.49936
0.174756, 4.80416
2.58305, 4.21223
3.40016, 4.00651
4.37863, 3.77298
4.3397, 3.77802
-2.69939, 5.52986
0.632944, 4.68219
0.257336, 4.77301
2.88616, 4.1275
-1.68048, 5.25039
3.87265, 3.88228
4.50332, 3.71119
0.496771, 4.69149
3.9882, 3.84003
-2.42591, 5.40919
6.05045, 3.32193
-3.30748, 5.62542
0.696697, 4.64453
2.54373, 4.16885
0.013214, 4.7914
-2.48056, 5.41748
-2.47126, 5.39808
-0.404153, 4.87355
-0.0926464, 4.80565
4.55638, 3.65461
4.81403, 3.58956
0.772362, 4.58231
5.21602, 3.48946
-2.48411, 5.39618
1.27576, 4.45989
0.932766, 4.5428
4.18598, 3.73487
0.111139, 4.73602
4.57791, 3.61372
5.12793, 3.50408
3.64168, 3.86444
-1.50696, 5.13547
3.45433, 3.90572
2.1388, 4.24466
0.548503, 4.60982
5.24971, 3.45898
1.02924, 4.49554
-2.51963, 5.37216
-0.764618, 4.94098
5.39001, 3.41537
-0.915448, 4.96552
-1.11875, 5.0152
3.88155, 3.77895
0.589712, 4.58384
2.67351, 4.0952
-3.54272, 5.60587
1.24291, 4.42177
3.63494, 3.8443
1.61803, 4.32714
3.75331, 3.80037
4.26548, 3.66592
-0.0873773, 4.73585
4.93101, 3.50933
3.70401, 3.76396
1.61833, 4.32834
-0.148268, 4.75576
-2.64703, 5.36758
3.4432, 3.86133
2.455, 4.10482
3.1122, 3.93524
3.2695, 3.89209
-1.51253, 5.07667
5.13026, 3.4488
-3.24221, 5.51154
4.16014, 3.67976
0.708585, 4.54574
3.68215, 3.80367
3.17906, 3.90463
-0.581615, 4.8467
3.1669, 3.91222
1.51425, 4.32234
4.81033, 3.51563
1.69291, 4.27381
3.83106, 3.72987
2.24305, 4.11629
2.30351, 4.10651
-2.02643, 5.17251
-2.54404, 5.2911
4.44617, 3.57082
-1.32225, 5.02137
3.92284, 3.70648
0.354376, 4.57029
-0.478298, 4.78365
-1.0731, 4.9339
0.616467, 4.50439
2.75354, 3.98296
-0.441928, 4.77808
4.33974, 3.57214
0.865709, 4.45499
4.14691, 3.62592
4.34931, 3.56663
-0.213002, 4.69909
2.89663, 3.92549
0.880321, 4.43062
1.71633, 4.23989
-2.65873, 5.31105
3.75361, 3.71365
-2.24916, 5.20502
-1.96157, 5.12484
0.823789, 4.42769
-2.60441, 5.28117
1.17049, 4.34834
3.63203, 3.72193
0.496768, 4.5126
0.39055, 4.52393
-3.3224, 5.44479
-0.171686, 4.66342
3.27805, 3.82099
-1.07545, 4.88466
0.663416, 4.44702
-0.434949, 4.73181
3.99067, 3.63034
1.8252, 4.15789
-2.21299, 5.16318
1.79278, 4.14659
5.98191, 3.13345
1.85866, 4.14594
-2.52584, 5.22153
-3.23304, 5.41622
5.51733, 3.25332
-1.63333, 5.00791
4.77527, 3.42832
-1.37281, 4.94985
1.90871, 4.13728
-0.780867, 4.7936
0.742645, 4.43244
5.68908, 3.19203
-2.2752, 5.15403
-0.242239, 4.65857
-0.827946, 4.78425
0.857773, 4.36809
2.55725, 3.95158
0.475176, 4.45832
6.01282, 3.09149
3.29632, 3.77613
3.69305, 3.61946
-2.30508, 5.13379
2.64885, 3.89774
0.220878, 4.50588
4.25761, 3.51137
0.209584, 4.5076
4.19005, 3.52169
3.85681, 3.59818
6.02125, 3.06229
-2.64702, 5.20462
0.174008, 4.50853
-3.43725, 5.36854
4.61756, 3.41785
1.47863, 4.19048
2.59829, 3.90329
-2.01641, 5.04456
-1.27208, 4.85666
-1.312, 4.8643
4.29534, 3.47317
0.872773, 4.31005
5.2827, 3.22002
-2.62562, 5.17291
5.6135, 3.1534
5.34926, 3.20549
-0.516797, 4.64905
4.35052, 3.43591
1.65056, 4.09928
-1.53483, 4.89467
-3.43015, 5.36387
2.7076, 3.86933
-3.54051, 5.38794
5.57864, 3.13745
5.90078, 3.05349
-2.46153, 5.10864
5.49639, 3.16478
-1.26515, 4.80538
5.93509, 3.01788
2.13067, 3.94441
-1.46792, 4.85615
3.56671, 3.58615
0.985043, 4.24901
-2.40875, 5.08076
3.98194, 3.51173
4.96347, 3.27209
0.278944, 4.40357
3.42077, 3.63744
3.31573, 3.64839
-0.406904, 4.58445
-2.35217, 5.10412
3.74663, 3.54737
0.747021, 4.28952
0.123165, 4.44538
4.34605, 3.3925
3.08718, 3.71689
2.95203, 3.75114
1.66379, 4.06497
3.05829, 3.6922
1.32855, 4.14869
1.9156, 3.99261
4.04877, 3.47311
-0.99544, 4.72109
1.54304, 4.09503
0.0532238, 4.4467
-3.2226, 5.26662
3.43616, 3.61036
-3.50274, 5.34775
4.65568, 3.32569
-2.38346, 5.037
1.90104, 3.98023
2.95327, 3.71106
0.29819, 4.3874
2.33968, 3.8677
2.96212, 3.7071
2.18394, 3.90042
2.28682, 3.89505
-0.0156895, 4.44687
-2.08801, 4.94769
-0.474462, 4.53845
-1.87907, 4.90044
2.86727, 3.71868
5.93148, 2.97556
-2.88441, 5.13689
6.01653, 2.94147
3.29755, 3.61373
1.42541, 4.05637
2.88109, 3.71739
1.05675, 4.16089
-3.2496, 5.23072
5.44321, 3.06953
3.20387, 3.63948
-2.40094, 5.01075
5.34065, 3.0886
1.41301, 4.06093
4.52596, 3.29406
3.69441, 3.47964
5.66345, 3.00338
0.3551, 4.31162
-0.357832, 4.48421
-1.84972, 4.84977
2.6939, 3.72706
-1.3239, 4.71103
-0.414223, 4.48745
-2.63911, 5.02878
3.82583, 3.4336
-2.88885, 5.09252
-3.59226, 5.25702
5.82612, 2.91206
1.12561, 4.10137
3.38422, 3.54359
5.48068, 3.02139
-1.53834, 4.75298
2.44669, 3.77007
2.71381, 3.69415
-2.61571, 5.01783
-1.53213, 4.75193
-3.42726, 5.1621
-2.43189, 4.96945
4.63407, 3.21514
5.34117, 3.04792
1.29484, 4.03789
1.25425, 4.05127
4.81894, 3.16421
1.15115, 4.07176
-0.645786, 4.5099
-2.53618, 4.99509
0.666613, 4.18253
1.91571, 3.87818
5.16985, 3.07215
1.00661, 4.10052
-3.40397, 5.18506
-2.5629, 4.98285
-1.20333, 4.64179
-1.8437, 4.79289
-0.516802, 4.45844
-1.71137, 4.76473
0.64923, 4.16988
4.51106, 3.21273
-0.0682205, 4.34928
-3.60371, 5.21435
2.25811, 3.7492
5.18765, 3.03661
5.94583, 2.88713
2.19535, 3.77257
2.37105, 3.72888
4.86723, 3.1155
-0.451403, 4.43237
5.5286, 2.93939
-3.48883, 5.17181
5.69787, 2.9005
-1.08835, 4.57281
4.98766, 3.06729
0.862965, 4.08846
-3.19385, 5.09185
5.39523, 2.95912
2.70077, 3.62325
-3.5641, 5.17406
-1.93574, 4.76393
1.62829, 3.8889
-2.97284, 5.02426
-2.74379, 4.96084
2.36657, 3.69773
5.75915, 2.85674
5.67455, 2.86927
-0.838441, 4.49495
4.32585, 3.20992
2.13491, 3.73534
4.92334, 3.06851
-0.389513, 4.36719
-3.57584, 5.14497
-1.25794, 4.57851
5.75592, 2.83636
4.5126, 3.14976
-3.09385, 5.01399
5.31293, 2.94348
4.4133, 3.15344
-3.0904, 5.00258
5.2573, 2.99025
0.223466, 4.21235
-0.751911, 4.44348
-2.67276, 4.89928
1.43257, 3.89448
0.538398, 4.1104
1.33501, 3.91105
4.58721, 3.10027
4.30351, 3.16221
-2.39478, 4.83901
5.17886, 2.95304
-1.43059, 4.5824
-1.65388, 4.65056
-1.57222, 4.61701
5.38329, 2.89662
-1.89463, 4.68838
2.31356, 3.65634
1.08044, 3.96058
-1.69529, 4.65059
0.497845, 4.09762
1.16027, 3.92497
-3.01499, 4.9613
0.393927, 4.13376
4.76378, 3.04037
3.33989, 3.3596
-3.09259, 4.96502
-0.226335, 4.26056
4.5281, 3.06755
-0.917122, 4.44219
-3.25843, 4.99794
3.9018, 3.23038
0.869821, 3.97773
0.803832, 3.99169
5.91359, 2.7284
1.8043, 3.75023
5.23503, 2.90947
-1.3429, 4.51733
-3.35047, 4.96792
3.51331, 3.31165
2.64617, 3.52129
4.87146, 2.97628
-1.45363, 4.53232
3.90455, 3.20727
1.66446, 3.75996
-0.811635, 4.36501
-2.88485, 4.89355
3.84062, 3.20395
0.640269, 4.00856
-2.44572, 4.74439
3.13074, 3.37905
5.15984, 2.87064
-1.8616, 4.60941
-0.113242, 4.17919
0.344324, 4.06793
-2.41511, 4.79822
5.39064, 2.8161
4.10384, 3.13403
-2.165, 4.68747
1.63607, 3.7386
-2.1067, 4.65129
5.26065, 2.83388
-1.13189, 4.41918
2.73243, 3.4558
0.93075, 3.95443
2.39052, 3.54837
-3.06319, 4.88978
4.71919, 2.94777
-0.438161, 4.22994
-0.602814, 4.27377
-2.88656, 4.83188
-0.289666, 4.18779
5.91414, 2.65255
2.84181, 3.41076
2.43901, 3.4974
-0.185007, 4.14722
3.43746, 3.25278
-3.5917, 4.95632
-2.12197, 4.6261
-0.716567, 4.27853
-0.937077, 4.32859
0.917315, 3.8442
0.979595, 3.84864
0.183108, 4.0609
1.12004, 3.80612
-0.961676, 4.31899
-1.2269, 4.3859
-1.05681, 4.354
2.81687, 3.36814
0.882266, 3.84879
3.79574, 3.14063
3.59867, 3.17977
-0.784584, 4.25806
4.38104, 2.98327
-1.35624, 4.40231
-2.63808, 4.70314
-3.46409, 4.90704
5.91526, 2.59752
-0.869904, 4.26943
0.169741, 4.02001
-0.373325, 4.14621
5.00207, 2.82251
1.41548, 3.6987
1.76107, 3.62247
-2.22659, 4.60252
4.09021, 3.03063
1.35683, 3.7168
3.11698, 3.27739
1.58986, 3.64884
0.656371, 3.88133
1.29877, 3.73262
2.52104, 3.38828
0.115304, 4.02065
5.47339, 2.67596
5.23286, 2.74351
-0.234382, 4.07924
3.69466, 3.11319
-3.05132, 4.78042
-2.5174, 4.63221
5.28261, 2.72207
-2.05119, 4.52261
4.13248, 3.01162
3.97244, 3.03123
2.72217, 3.34828
4.90903, 2.79229
0.185936, 3.9718
0.312431, 3.93502
-2.59262, 4.68456
-2.49356, 4.61932
3.92311, 3.03343
1.2972, 3.67854
3.43612, 3.15968
1.03987, 3.74767
-3.69237, 4.90185
-2.74846, 4.68648
-1.43785, 4.34851
1.16344, 3.71697
4.74379, 2.82236
3.91838, 3.04608
-0.67582, 4.16234
1.48048, 3.63129
-2.25822, 4.54565
5.38988, 2.65603
4.21601, 2.9762
3.87911, 3.03234
-2.46737, 4.58723
0.719803, 3.79568
1.28045, 3.65177
-3.34217, 4.79488
-1.28782, 4.29864
-2.07855, 4.47257
-3.40776, 4.82801
1.44354, 3.58773
4.89712, 2.75922
5.35468, 2.63287
-0.642225, 4.14323
0.420183, 3.84366
3.52778, 3.07387
3.75971, 3.00587
0.475848, 3.81787
5.80905, 2.51273
-0.702329, 4.11588
-2.97601, 4.64919
-2.52679, 4.5696
3.44251, 3.07088
3.08221, 3.17425
-2.1866, 4.50463
2.87809, 3.21884
-0.920126, 4.14503
0.563019, 3.75909
-2.14321, 4.46466
-2.92666, 4.64268
3.81767, 2.98128
0.816192, 3.7198
-2.42998, 4.51973
-3.43177, 4.75619
-0.661358, 4.09783
5.13865, 2.6458
2.06962, 3.40118
2.6318, 3.26281
2.80551, 3.21184
-0.123747, 3.94479
-3.47432, 4.75021
0.250453, 3.84139
-0.551721, 4.04921
4.47291, 2.76897
4.52145, 2.78141
-3.74586, 4.80311
0.797146, 3.70144
-1.38998, 4.24416
3.72495, 2.95771
1.63288, 3.49235
-2.7564, 4.57111
4.29427, 2.82564
0.684707, 3.71669
-3.37172, 4.71221
3.00526, 3.13549
2.04268, 3.37501
4.34286, 2.80912
1.94831, 3.38524
-0.19713, 3.92183
0.181717, 3.85894
-1.16063, 4.16155
-0.718163, 4.05345
1.34858, 3.55318
1.09904, 3.58174
4.19095, 2.8241
5.1167, 2.59759
-2.18241, 4.40703
-0.544251, 4.00379
0.400652, 3.76444
-0.863522, 4.0851
3.51179, 3.00213
-1.27564, 4.179
-2.29921, 4.42965
-1.11447, 4.12534
4.16636, 2.81956
-1.87784, 4.32887
-2.74822, 4.5096
-3.2856, 4.69679
5.81471, 2.41143
-2.34715, 4.43333
-0.483429, 3.97271
1.71716, 3.42052
5.77416, 2.41497
-0.896176, 4.07452
-2.59842, 4.46953
-0.447068, 3.94761
-0.570007, 3.96011
-2.65744, 4.48042
1.10976, 3.54715
-0.483205, 3.9509
-2.5144, 4.43405
-0.0872378, 3.84046
-1.43949, 4.17566
4.60143, 2.66765
3.03473, 3.05851
3.99678, 2.80777
0.153, 3.76081
-3.73013, 4.71911
0.589094, 3.66079
-3.13481, 4.57975
-1.71315, 4.22049
1.42083, 3.45961
-0.846935, 4.00797
-1.08233, 4.06663
5.57145, 2.42002
1.31373, 3.46169
0.776112, 3.59751
0.243013, 3.7285
-2.99621, 4.50594
1.77788, 3.34974
4.1782, 2.75198
-2.79899, 4.46899
-3.26849, 4.59036
0.0912253, 3.75157
3.8012, 2.84131
0.0466379, 3.76159
-2.01639, 4.29303
-1.82891, 4.22595
-0.233779, 3.8247
-0.68181, 3.92087
0.515218, 3.6362
-3.4879, 4.63033
-3.54445, 4.61679
-1.4847, 4.12156
-2.87115, 4.44476
-1.90224, 4.21773
-0.838086, 3.93503
-0.89385, 3.96895
-2.83958, 4.43173
-1.41859, 4.08738
4.04599, 2.73054
2.14701, 3.20058
-1.54387, 4.10061
-2.08703, 4.25134
2.98396, 3.00642
5.49022, 2.36008
0.956148, 3.48718
-0.683208, 3.89627
-1.43262, 4.07133
3.64814, 2.82028
2.32077, 3.13385
4.73757, 2.53112
-0.452387, 3.82336
-2.1993, 4.24456
1.66454, 3.28898
-3.53225, 4.57207
-0.0612085, 3.71848
2.54252, 3.07183
-1.41165, 4.04426
-1.56464, 4.06638
4.94279, 2.46922
4.4322, 2.5967
-3.18212, 4.47929
-2.31339, 4.26331
4.20362, 2.65134
3.71479, 2.77478
0.415101, 3.56431
5.4209, 2.33126
4.33856, 2.59114
-3.74655, 4.59001
5.20818, 2.39013
-0.702273, 3.82297
2.00357, 3.15603
-2.2965, 4.22309
-3.71417, 4.57099
1.61973, 3.26032
4.99569, 2.41255
-0.270992, 3.71813
1.62841, 3.23938
0.155831, 3.59408
0.515588, 3.51497
-3.59342, 4.517
-0.507879, 3.76255
2.47162, 3.02499
0.365399, 3.54583
3.91405, 2.66121
-1.27129, 3.93523
0.421727, 3.49923
-1.07703, 3.89369
4.24277, 2.57371
0.532172, 3.47539
2.03102, 3.11038
-2.39949, 4.19554
4.52135, 2.48525
-3.46723, 4.44455
-0.897766, 3.82898
-1.0803, 3.84367
0.795405, 3.39937
1.50123, 3.22306
2.5975, 2.94631
5.36367, 2.25921
3.94304, 2.60044
4.1109, 2.56814
3.66542, 2.66539
0.756948, 3.39301
5.35555, 2.25455
3.73236, 2.65591
4.11661, 2.55538
3.69315, 2.65686
3.30672, 2.76154
-2.2609, 4.16117
-1.60039, 3.96223
2.66902, 2.91195
1.79126, 3.12368
1.9182, 3.08307
1.95171, 3.08172
5.06895, 2.28187
-2.78431, 4.25077
-1.64846, 3.95855
3.09753, 2.78962
4.66488, 2.39923
-1.94452, 4.00673
-3.57201, 4.40867
-1.5879, 3.93917
-2.45224, 4.14866
-0.795063, 3.73662
1.02294, 3.28923
-2.41427, 4.11476
-0.714558, 3.71394
-1.32212, 3.85721
4.97522, 2.30405
-1.83296, 3.98208
0.657142, 3.36712
2.584, 2.89734
4.57392, 2.40023
2.83563, 2.82456
0.824636, 3.31283
5.02074, 2.27713
5.13932, 2.24246
-0.263147, 3.57998
5.21111, 2.23235
-1.93409, 3.98808
4.26381, 2.4399
-0.444624, 3.61617
2.01812, 3.00268
0.628007, 3.3468
5.13023, 2.23036
5.15117, 2.22084
3.62683, 2.6007
2.9169, 2.78674
-2.63032, 4.14185
2.77196, 2.80112
-0.582673, 3.62342
-2.30774, 4.01643
1.19802, 3.18537
-2.2251, 4.02489
-2.68622, 4.17559
-2.99454, 4.20467
5.19103, 2.18313
0.261869, 3.38616
-2.87253, 4.16306
1.45046, 3.10387
2.95869, 2.72792
3.50142, 2.56967
-1.57006, 3.84279
-1.16824, 3.73313
0.22942, 3.3875
-2.81713, 4.13368
2.12941, 2.9242
3.84929, 2.49563
-0.322655, 3.52298
4.86778, 2.23777
3.22472, 2.64542
0.0439843, 3.42326
-2.67661, 4.07533
-1.18876, 3.69418
-0.969081, 3.65481
5.77424, 1.99132
3.31126, 2.60945
1.68199, 3.00339
-0.26084, 3.47703
0.513896, 3.28806
5.27508, 2.12018
2.18239, 2.8737
-0.577678, 3.55283
5.1491, 2.13698
3.6687, 2.49794
-1.22167, 3.6988
0.254184, 3.33429
-0.787264, 3.59413
1.55766, 3.01983
-2.00882, 3.88367
5.52965, 2.02624
-2.97273, 4.11848
0.697983, 3.20932
-1.25884, 3.70201
5.54377, 2.01172
3.49139, 2.53017
-2.80896, 4.05109
5.21059, 2.08034
5.04282, 2.13058
5.80661, 1.94452
2.53716, 2.7557
0.606435, 3.21716
4.63342, 2.25515
4.5266, 2.24404
2.13493, 2.82615
4.70289, 2.19531
-2.57239, 3.97384
5.2134, 2.06146
3.39869, 2.50644
-0.930716, 3.57063
-1.01153, 3.59394
-0.276109, 3.40917
2.52116, 2.72422
-1.66755, 3.75054
4.71489, 2.17682
2.59168, 2.7014
5.30222, 2.03498
2.67808, 2.67814
0.870867, 3.12534
1.40492, 2.97474
0.838569, 3.11072
1.30522, 2.99818
-1.86498, 3.78496
0.315864, 3.2496
3.49746, 2.43626
-3.17589, 4.09458
4.50525, 2.19976
1.33646, 2.9782
1.61703, 2.91144
-3.77932, 4.25119
3.98992, 2.31118
1.80917, 2.85211
1.072, 3.03605
-1.33908, 3.64267
1.19929, 3.0012
4.54041, 2.19403
3.05792, 2.54007
3.33748, 2.49018
-0.214341, 3.35265
4.91926, 2.03327
0.0623762, 3.27856
-1.40693, 3.63108
-1.9442, 3.7737
-1.05989, 3.5668
-2.18304, 3.81955
0.606992, 3.11923
-0.158634, 3.31629
2.83496, 2.58945
-2.45575, 3.87545
0.420774, 3.16689
-0.449847, 3.35609
-3.88975, 4.21765
-2.33133, 3.83308
-3.51247, 4.12546
1.36494, 2.91016
0.208115, 3.19591
-1.75011, 3.68504
4.13337, 2.24426
3.95248, 2.26055
1.06201, 2.98321
-3.85777, 4.20367
3.25482, 2.43913
1.96666, 2.75739
2.56234, 2.60923
1.39225, 2.89177
-2.15838, 3.76658
-1.96156, 3.71063
-0.365504, 3.32558
-1.35859, 3.55962
2.81869, 2.54429
1.66296, 2.82465
-0.536513, 3.36461
5.57071, 1.85409
-2.57324, 3.8707
-3.59411, 4.1155
-0.794637, 3.42048
1.87502, 2.74811
4.62536, 2.11086
-2.18355, 3.76611
2.15899, 2.68553
-1.24717, 3.522
-1.31918, 3.53466
-0.990597, 3.42068
3.62824, 2.30449
-1.24532, 3.49231
-2.70003, 3.84926
-1.61081, 3.60113
-2.7667, 3.87204
2.74375, 2.52214
4.46756, 2.11077
-0.730967, 3.37385
5.20797, 1.90529
-2.79283, 3.87361
-1.0434, 3.43522
4.66123, 2.05278
-3.74139, 4.10015
-2.74415, 3.84587
-0.689305, 3.35545
4.58512, 2.05705
0.414897, 3.09433
-3.10459, 3.94865
0.0684703, 3.15753
0.693502, 2.97577
4.61494, 2.03208
-1.38356, 3.50014
0.33888, 3.10907
-0.149854, 3.21317
-0.31991, 3.22277
1.42473, 2.81091
5.50872, 1.79087
3.25059, 2.35658
5.32595, 1.8437
-2.98018, 3.89274
1.60311, 2.7549
4.75419, 1.98134
4.1413, 2.13342
3.59993, 2.26851
0.227746, 3.08764
-2.24905, 3.69498
-2.91537, 3.8653
4.68197, 1.99398
-1.73214, 3.57767
-2.74256, 3.8204
-3.54274, 4.01602
-0.85397, 3.34652
-3.72802, 4.04822
-3.48178, 3.99594
3.77067, 2.20711
2.29357, 2.56675
-2.25896, 3.69671
2.39883, 2.53368
-3.04867, 3.87464
-2.0949, 3.60358
5.66425, 1.71494
1.65114, 2.70197
4.3102, 2.04759
3.11203, 2.36067
2.03852, 2.61012
-0.517814, 3.25125
1.59619, 2.7274
3.22491, 2.29878
1.97613, 2.60837
3.26242, 2.29481
3.94866, 2.10109
5.70965, 1.67602
3.21694, 2.29227
-0.495964, 3.2088
-3.57784, 3.96548
-2.02312, 3.58186
-2.73133, 3.76699
3.89463, 2.13767
-3.1778, 3.86739
4.99342, 1.83646
4.18882, 2.02557
4.45919, 1.97914
-1.20908, 3.34708
0.430138, 2.95843
-3.00386, 3.80987
-1.69206, 3.47541
-0.944016, 3.27767
2.99568, 2.31252
-0.196091, 3.09523
-0.155916, 3.09417
3.08621, 2.28692
2.75629, 2.36939
-2.5738, 3.67482
5.31178, 1.74751
0.422702, 2.92536
2.38782, 2.4454
3.54306, 2.14661
4.48362, 1.9234
-0.214495, 3.08284
3.41589, 2.1816
2.13632, 2.50282
-3.97019, 3.99868
5.5423, 1.65391
-0.42384, 3.11914
2.37071, 2.43658
-0.485694, 3.13224
4.2283, 1.95192
-2.46776, 3.61927
-0.371392, 3.08
-0.874357, 3.233
-0.496759, 3.12527
1.58698, 2.61315
3.15637, 2.23276
3.76149, 2.08462
3.7861, 2.07067
0.951015, 2.77126
-1.82212, 3.4502
-1.43954, 3.33646
-3.26813, 3.82463
0.17212, 2.96488
1.79193, 2.55844
4.6571, 1.86391
-3.89376, 3.97403
1.87903, 2.53693
-0.809622, 3.18987
-0.245952, 3.03982
4.54379, 1.86585
-2.97526, 3.72695
-3.19765, 3.8086
-0.215275, 3.02757
0.106536, 2.96971
-2.46256, 3.59351
4.26564, 1.92953
0.300109, 2.90934
-2.43716, 3.57825
1.28436, 2.65369
3.12408, 2.18557
-3.63288, 3.88383
3.72649, 2.04607
5.5825, 1.58284
-3.55486, 3.83682
3.95401, 1.98404
-3.15817, 3.747
-3.61367, 3.85076
-1.27634, 3.27271
-2.33843, 3.54233
3.43887, 2.07112
2.87986, 2.24869
0.10963, 2.91981
3.97034, 1.93986
0.239435, 2.89298
-1.16166, 3.24037
-0.080771, 2.94672
-2.66984, 3.60957
0.00936033, 2.95442
2.37903, 2.35736
1.11263, 2.66223
0.363201, 2.8461
-1.7028, 3.35575
2.53712, 2.31888
2.63863, 2.28681
4.45798, 1.83279
-0.342895, 3.00197
2.792, 2.23994
5.43912, 1.58275
-1.69366, 3.3357
2.31072, 2.3452
-3.62892, 3.81969
-2.30662, 3.47759
-3.01205, 3.65627
-1.00504, 3.17335
0.161469, 2.86988
4.22651, 1.86894
4.16037, 1.8816
1.73729, 2.46703
-0.816328, 3.11639
1.43008, 2.55007
-1.59368, 3.31539
2.98982, 2.18133
4.74978, 1.71329
4.176, 1.86345
0.383405, 2.79266
-2.59278, 3.53985
4.96135, 1.69401
3.64491, 1.98238
-1.23099, 3.18051
-3.7425, 3.8178
0.53797, 2.75309
5.2598, 1.58965
5.30547, 1.57834
1.62475, 2.50293
-3.84908, 3.83231
0.193563, 2.8299
-1.24211, 3.16773
-1.60996, 3.26295
-0.995247, 3.11725
0.584014, 2.72328
-0.19301, 2.91749
-3.06228, 3.61347
-2.73253, 3.54166
-3.98439, 3.85662
3.38315, 2.00945
0.710381, 2.67849
5.11061, 1.58985
-2.64481, 3.48968
5.44608, 1.49644
2.71723, 2.1845
1.23384, 2.54711
-1.77597, 3.29045
4.29946, 1.79307
2.66362, 2.18313
5.32929, 1.52529
0.433755, 2.73143
1.0598, 2.59017
-2.47268, 3.45195
0.726345, 2.65681
0.185538, 2.7884
-3.94412, 3.81147
-2.39904, 3.41756
2.75154, 2.1354
-1.10371, 3.07516
0.453418, 2.70508
2.35052, 2.23553
0.531899, 2.67998
-1.07793, 3.06658
4.91745, 1.60887
-1.83527, 3.26505
-0.696594, 2.9668
3.49792, 1.94943
1.69317, 2.35178
1.76537, 2.37059
3.71212, 1.87976
1.56473, 2.40154
1.55697, 2.41916
1.64323, 2.40487
0.636676, 2.64077
-0.0795871, 2.84253
1.04703, 2.53882
-2.26939, 3.34038
-3.73086, 3.72468
-2.57425, 3.42123
-3.66408, 3.6855
-0.405449, 2.87002
4.43433, 1.6816
5.17209, 1.5058
1.86655, 2.31337
-3.11589, 3.51916
4.68069, 1.60038
5.37838, 1.4869
1.94833, 2.3458
1.27221, 2.45498
-3.48634, 3.64293
-3.7017, 3.64215
3.03857, 2.01536
5.33868, 1.43986
-0.306006, 2.82916
-2.93382, 3.48787
2.88597, 2.06443
4.57594, 1.62279
-3.33109, 3.58076
-3.8728, 3.71887
0.391606, 2.65219
1.76601, 2.31248
4.46381, 1.65072
-2.47003, 3.34686
4.15712, 1.69146
5.3351, 1.38883
-4.04196, 3.72844
-3.39225, 3.54041
4.37943, 1.63848
4.38046, 1.6206
2.68946, 2.04284
-1.28273, 3.03155
2.75749, 2.06687
1.75464, 2.26706
1.00037, 2.46976
1.46983, 2.34383
2.5489, 2.08232
-0.667696, 2.85816
-2.85824, 3.40203
-0.463293, 2.80974
-2.97164, 3.41985
5.06606, 1.45282
-0.517573, 2.8068
1.51453, 2.29677
-1.68338, 3.08223
4.79722, 1.49185
-0.0959039, 2.68213
-2.65245, 3.32503
-1.64425, 3.08514
-1.31432, 2.99403
2.4216, 2.06953
2.40021, 2.06703
1.96114, 2.18568
-3.46771, 3.53701
-2.40288, 3.2387
-1.14488, 2.92486
-1.75307, 3.08899
2.78291, 1.9562
2.87366, 1.91728
0.51366, 2.51451
5.00018, 1.45677
0.918928, 2.42036
-0.451228, 2.74818
1.32124, 2.31488
4.89856, 1.44478
1.64001, 2.21085
3.91259, 1.65747
-3.60906, 3.52555
3.69073, 1.7069
-3.68874, 3.52263
4.49956, 1.49836
-3.30471, 3.43776
0.507092, 2.48681
3.88407, 1.64425
-0.0384771, 2.61517
2.01824, 2.13476
-0.129776, 2.67751
4.79948, 1.41962
5.06836, 1.37557
5.59981, 1.22024
2.01216, 2.1068
-0.208754, 2.6309
-3.95874, 3.56255
-2.25679, 3.16992
1.43023, 2.21727
-2.61792, 3.22812
5.26114, 1.28701
-1.33702, 2.8782
3.37982, 1.73962
5.21007, 1.2869
-4.02348, 3.54541
0.98221, 2.31997
3.45277, 1.70605
3.75522, 1.64096
2.78834, 1.84443
-1.16796, 2.82419
1.42272, 2.1828
-2.35647, 3.11856
3.11926, 1.77565
-3.90751, 3.52145
-2.86712, 3.24771
1.56638, 2.13678
-2.86848, 3.2389
5.13471, 1.25472
-0.16992, 2.57408
0.956846, 2.29118
1.60557, 2.12607
0.871471, 2.30544
2.61206, 1.85158
-0.133559, 2.55506
-1.48436, 2.87885
-3.99092, 3.49579
-3.9229, 3.47006
-4.06731, 3.53154
1.12272, 2.23585
-3.28988, 3.33256
4.0498, 1.50746
1.77506, 2.07856
-3.22688, 3.30283
1.8059, 2.0788
0.215041, 2.45505
4.19997, 1.46701
4.34395, 1.43041
1.84033, 2.05096
4.81543, 1.31714
2.66116, 1.837
2.36642, 1.91052
5.53009, 1.10296
1.85775, 2.01909
-3.37594, 3.32405
-2.75006, 3.16
0.154521, 2.45016
-3.9771, 3.46493
2.86352, 1.77651
-0.377738, 2.57869
-1.64852, 2.88194
3.40295, 1.63561
-3.37937, 3.31807
3.74308, 1.54504
2.18255, 1.94449
-2.93649, 3.1929
3.0284, 1.71697
-2.43348, 3.05734
-2.10543, 2.98617
0.4851, 2.32813
2.018, 1.94946
4.41736, 1.36549
-3.45695, 3.30288
0.507612, 2.31122
3.05991, 1.6783
-3.53265, 3.31407
3.22507, 1.6535
3.24874, 1.63382
-0.0190231, 2.43653
0.415707, 2.32441
-0.844038, 2.6408
-3.35157, 3.2536
2.80061, 1.74006
4.53674, 1.31402
3.71637, 1.50047
2.46721, 1.79047
1.92621, 1.92665
-2.68759, 3.06229
4.37545, 1.3085
-0.433928, 2.49829
-0.708167, 2.57403
1.25538, 2.08952
-0.197125, 2.43501
1.32321, 2.06619
3.8963, 1.43085
5.16179, 1.10446
-0.169982, 2.41762
-0.043891, 2.40593
0.446514, 2.26529
1.78245, 1.93988
5.05068, 1.13196
5.48716, 1.03283
5.30902, 1.06152
1.04461, 2.10938
-0.726694, 2.53422
3.37785, 1.5438
3.12882, 1.58999
4.928, 1.15949
1.6196, 1.95425
-2.84043, 3.05867
-0.19197, 2.40155
0.422442, 2.25507
5.03412, 1.13372
-3.60393, 3.24424
4.32131, 1.28286
2.50822, 1.72624
-0.322748, 2.40906
-1.76515, 2.78541
-3.80494, 3.27339
3.80781, 1.39527
-1.44367, 2.6985
0.871262, 2.10954
-0.614448, 2.47316
-4.12837, 3.34937
2.90187, 1.63319
4.35752, 1.2506
1.71709, 1.89772
-3.34873, 3.16349
-1.68695, 2.74502
0.307611, 2.23704
-0.442346, 2.43248
-3.21209, 3.11254
-2.27512, 2.86143
5.54569, 0.923281
1.47451, 1.94651
0.235605, 2.25155
-3.7617, 3.22986
4.86861, 1.06807
-2.29882, 2.85795
5.55828, 0.931709
2.55817, 1.64922
-1.70199, 2.71608
-3.18063, 3.06584
4.47657, 1.17718
-0.981268, 2.53185
4.62627, 1.14684
0.829267, 2.08337
-2.50572, 2.90952
2.23655, 1.76964
3.88765, 1.32622
-2.6572, 2.93591
3.7488, 1.35201
-3.79095, 3.21842
-3.48219, 3.11907
2.77031, 1.58102
-1.03749, 2.5177
-3.52297, 3.12701
1.80786, 1.80372
4.84503, 1.06529
1.15801, 1.972
-0.49738, 2.36
2.57798, 1.6151
1.68559, 1.83332
2.34271, 1.66389
-0.0695102, 2.26617
-0.256357, 2.30215
-2.23244, 2.78548
-3.66117, 3.13402
5.2357, 0.930522
1.53796, 1.86906
4.63175, 1.09385
5.01858, 1.0142
-2.71002, 2.89794
-0.244393, 2.30856
-1.14072, 2.51557
-0.598785, 2.35906
3.01424, 1.4821
3.22374, 1.42972
2.08226, 1.71248
-1.20715, 2.52235
-3.13745, 3.0044
-2.43078, 2.81428
3.58103, 1.32834
-1.63714, 2.61551
-2.02473, 2.71208
-0.766535, 2.39568
-1.92719, 2.69207
5.47678, 0.856054
-3.15569, 2.99231
3.87645, 1.25076
3.19463, 1.41291
3.82605, 1.25688
-0.868631, 2.41712
-2.75592, 2.87207
1.98119, 1.70386
3.59846, 1.30816
0.13814, 2.16328
3.20001, 1.40013
1.80491, 1.74982
0.506318, 2.07052
-1.55266, 2.58027
1.76953, 1.74072
-0.322939, 2.25905
1.43406, 1.82598
2.38465, 1.59459
0.00762158, 2.17901
4.37122, 1.09399
2.93349, 1.4397
1.92672, 1.68987
1.66437, 1.72853
-3.8424, 3.11684
-1.46885, 2.52639
1.19808, 1.86187
2.47925, 1.54708
-0.389455, 2.2487
2.28095, 1.56314
-3.80537, 3.09471
-4.17577, 3.17265
0.171619, 2.12346
2.34287, 1.58797
-3.25916, 2.94116
3.25927, 1.34779
1.21472, 1.84569
0.279503, 2.07357
0.243016, 2.08317
4.10416, 1.10728
-2.11738, 2.66677
1.38067, 1.80298
-2.86401, 2.85057
-3.66124, 3.04807
2.91925, 1.40448
-2.82365, 2.81948
4.9976, 0.914685
-1.41134, 2.48807
2.78921, 1.43213
3.6899, 1.21801
0.900024, 1.90627
-2.32988, 2.71198
4.75508, 0.9455
5.43464, 0.741328
-4.16101, 3.12124
-1.77702, 2.55398
-0.448439, 2.21148
0.131072, 2.05902
2.00688, 1.60322
-2.36302, 2.6841
-4.09949, 3.10359
-2.85796, 2.7901
-3.50577, 2.93349
-1.19736, 2.38169
3.21224, 1.28347
4.37622, 0.989885
-3.55928, 2.95333
3.12179, 1.31999
4.44099, 0.969958
-3.45446, 2.91938
3.43454, 1.19483
2.20327, 1.53209
0.468005, 1.93754
0.755491, 1.86955
-1.0141, 2.30558
-2.56227, 2.70214
-4.20357, 3.07295
2.0319, 1.54499
-4.0572, 3.05218
3.08891, 1.27727
-0.264597, 2.10622
-2.41832, 2.63419
3.99449, 1.05771
-1.60445, 2.43329
-1.42519, 2.38059
1.38814, 1.6814
1.64133, 1.62486
0.934803, 1.76277
-1.57264, 2.41151
-2.89045, 2.71742
0.621161, 1.85667
3.52237, 1.14584
-1.607, 2.40612
-3.91167, 2.96784
-2.49457, 2.62621
-1.54067, 2.38651
4.96589, 0.78004
-2.01836, 2.48608
0.0759282, 1.96839
-3.3395, 2.81245
3.01332, 1.25073
0.23316, 1.94225
-2.73201, 2.687
-3.8439, 2.96049
4.18797, 0.951474
2.23198, 1.43041
1.87434, 1.55477
4.15991, 0.954667
1.96449, 1.49354
5.31482, 0.67746
-3.20747, 2.76734
-1.22435, 2.27598
-1.58464, 2.35324
-2.02109, 2.46938
0.486897, 1.84614
4.87592, 0.757719
-0.208895, 2.00666
1.31405, 1.63886
-3.98842, 2.9456
1.91991, 1.483
3.47525, 1.10166
-4.07927, 2.95209
-1.10096, 2.22478
-0.935318, 2.18959
0.330379, 1.87131
5.18025, 0.662374
1.7311, 1.51545
5.31115, 0.63328
4.94273, 0.694949
-1.93677, 2.41081
-3.81822, 2.84696
-2.28655, 2.49101
-3.22902, 2.74004
0.525966, 1.80264
-2.18484, 2.46625
-0.0900949, 1.93897
3.4265, 1.0691
-2.9667, 2.64283
0.638481, 1.75498
-0.569809, 2.04797
-1.66318, 2.31474
-0.607632, 2.04771
2.91253, 1.18406
0.433387, 1.79339
4.99478, 0.64616
5.12799, 0.619398
1.13828, 1.59064
-2.56708, 2.51162
5.44079, 0.532654
3.67019, 0.964139
-3.09826, 2.632
-2.56291, 2.49881
1.77945, 1.42731
1.25248, 1.57686
-0.0299834, 1.86478
3.5226, 0.977034
-2.6874, 2.53617
0.494071, 1.73348
-2.85274, 2.54096
1.21824, 1.54922
4.04241, 0.82996
-1.35248, 2.18709
5.3874, 0.506767
3.15625, 1.0588
-4.24342, 2.88665
-1.99962, 2.33601
5.00273, 0.596495
-2.78102, 2.5179
0.230822, 1.7738
1.59715, 1.43374
-1.49697, 2.19149
3.90926, 0.853441
-3.83216, 2.7617
-1.39585, 2.15746
0.682018, 1.64384
-0.696323, 1.9861
2.74327, 1.12248
-3.18609, 2.59966
-1.09259, 2.05792
0.910702, 1.5961
4.96889, 0.573212
-1.07742, 2.07452
3.46575, 0.933809
1.55876, 1.40755
-0.337173, 1.87916
-2.53422, 2.42809
0.193734, 1.76423
-0.245158, 1.85515
-2.94807, 2.45929
4.31116, 0.731977
3.71253, 0.867714
0.523539, 1.65919
1.43366, 1.43085
3.7097, 0.868241
4.5439, 0.655526
4.25685, 0.721611
0.697797, 1.59716
0.572014, 1.63048
-2.59085, 2.41348
4.09991, 0.767935
-2.75743, 2.44386
2.42449, 1.17087
0.585698, 1.62581
-3.28812, 2.57104
-2.46869, 2.40438
0.165396, 1.72008
4.13813, 0.727869
3.46182, 0.895419
-4.1691, 2.77801
-1.40581, 2.0992
1.00091, 1.48259
-1.14614, 2.02875
-0.097683, 1.76456
-3.32231, 2.54709
-1.63532, 2.14272
-0.0347104, 1.75273
-3.57521, 2.60806
-2.3602, 2.31713
-1.70522, 2.14912
-1.14245, 2.0104
3.91019, 0.772891
-0.249947, 1.78248
4.85355, 0.525448
3.69958, 0.789416
4.13898, 0.669111
0.385956, 1.62009
0.48929, 1.60054
-1.73419, 2.1362
3.42614, 0.857945
3.20981, 0.917744
2.16717, 1.17671
2.0692, 1.1986
4.58282, 0.574166
1.33298, 1.36136
-3.5299, 2.56249
-2.75806, 2.35319
3.62592, 0.799532
-1.71712, 2.10468
-0.517834, 1.80961
4.43743, 0.580899
-2.24239, 2.22689
0.432163, 1.54165
-1.429, 2.02567
3.92495, 0.706266
-3.14249, 2.44338
3.85478, 0.701102
1.2184, 1.35632
-2.47064, 2.26743
3.83977, 0.720902
2.55377, 1.03912
0.52066, 1.50974
-3.93098, 2.61761
0.238303, 1.56776
-2.9701, 2.34296
0.0258835, 1.62629
-2.49234, 2.25388
1.00005, 1.41163
1.39461, 1.28805
-1.89278, 2.09177
4.35386, 0.559221
1.79713, 1.19272
-4.28981, 2.6843
-4.31513, 2.69783
2.87475, 0.911254
-0.813255, 1.82586
-0.542491, 1.75073
4.82487, 0.416389
5.07347, 0.364506
4.44854, 0.523628
4.6559, 0.456565
1.77358, 1.16843
0.37741, 1.50988
1.03577, 1.34816
0.166342, 1.55726
1.86831, 1.14373
-4.07441, 2.6194
4.9133, 0.386733
5.22013, 0.311552
3.03705, 0.83681
1.73974, 1.17463
-3.12617, 2.34995
2.30473, 1.03302
4.34599, 0.513436
0.658102, 1.42012
-1.53981, 1.96114
2.26158, 1.00297
-0.161044, 1.61616
3.75862, 0.65405
2.10145, 1.04861
1.10199, 1.3017
-2.18043, 2.09947
2.11355, 1.04695
1.02456, 1.31236
-2.58633, 2.20479
-2.5218, 2.17825
-2.12398, 2.08194
0.578594, 1.40771
3.43051, 0.716564
-0.239505, 1.62301
-2.01012, 2.06067
1.86766, 1.13199
3.78995, 0.617375
-2.8544, 2.25769
2.40714, 0.95278
-0.869928, 1.77515
-1.13738, 1.83692
-0.386042, 1.64295
-1.9803, 2.03494
2.80895, 0.853426
-1.00644, 1.79376
-4.14693, 2.55083
-1.84477, 1.9713
1.7018, 1.09416
1.57628, 1.13778
-1.63588, 1.89991
4.62565, 0.365259
3.55111, 0.614085
-0.985623, 1.74521
-2.79104, 2.16009
-2.547, 2.13286
1.3702, 1.15068
-1.56793, 1.88975
1.02296, 1.23646
1.75065, 1.06457
-1.20656, 1.76678
2.66283, 0.821208
1.42828, 1.11189
-2.31673, 2.04045
1.67439, 1.0623
-1.97568, 1.94867
3.36473, 0.631946
2.0674, 0.947473
3.81717, 0.536195
2.42423, 0.837138
1.74949, 1.01242
3.14185, 0.651033
4.19515, 0.397022
3.85663, 0.47558
2.76526, 0.74991
-1.31625, 1.76664
4.69569, 0.275953
1.86375, 0.973236
2.50255, 0.807986
1.84103, 0.977412
4.45784, 0.315959
3.42524, 0.562825
-0.00440905, 1.41042
-0.456138, 1.52462
1.50936, 1.02896
1.29991, 1.08025
-0.523261, 1.54963
0.084463, 1.37131
-0.793732, 1.58589
4.23788, 0.347672
-4.09068, 2.4028
3.61247, 0.487492
-3.29017, 2.16503
0.321633, 1.30313
4.11168, 0.359666
-2.64893, 2.03499
-3.96119, 2.38071
3.8314, 0.425674
-1.73067, 1.765
1.08735, 1.07942
-3.00585, 2.10904
-1.65474, 1.76399
3.02265, 0.606556
4.01593, 0.372167
1.1284, 1.06623
0.588955, 1.20592
-1.71063, 1.77396
3.48418, 0.485769
3.21129, 0.544817
2.72163, 0.66209
-2.32808, 1.91727
3.31214, 0.512742
-2.69283, 1.99767
-1.96385, 1.81668
4.70636, 0.174014
3.59905, 0.437273
5.12071, 0.0635306
-3.50431, 2.17803
4.10426, 0.29306
-3.8449, 2.26467
2.20945, 0.769154
-3.38025, 2.1423
-1.97546, 1.78937
-0.589407, 1.44534
-0.0491072, 1.30655
-3.91081, 2.27109
-0.0910395, 1.30564
1.94904, 0.80745
2.11893, 0.76811
-2.36658, 1.86421
-1.14965, 1.57541
0.973658, 1.02563
-2.40879, 1.87685
1.57048, 0.899358
-1.66463, 1.67568
5.30168, -0.0375977
-2.79634, 1.95681
-3.1646, 2.0574
-1.03432, 1.52561
-3.59392, 2.14436
1.77936, 0.822906
0.817264, 1.05731
-0.646562, 1.41889
-3.06529, 2.00327
1.64604, 0.779128
4.95841, 0.0272181
3.07032, 0.4901
3.63623, 0.34294
0.854245, 1.0331
-3.97624, 2.23198
5.12683, -0.02417
2.06852, 0.721987
4.19528, 0.209085
1.86487, 0.766582
2.09345, 0.721975
2.31775, 0.659216
-2.11558, 1.75198
3.0066, 0.47594
3.08207, 0.449646
-1.84154, 1.67776
2.83564, 0.5241
-1.60254, 1.61453
-4.27049, 2.27172
-0.418966, 1.32069
2.98734, 0.479382
2.56022, 0.589208
-1.39281, 1.53907
1.69652, 0.816272
-3.43273, 2.06246
5.12845, -0.058065
3.72649, 0.286612
1.88044, 0.749929
-0.753432, 1.38163
3.73907, 0.270746
4.29336, 0.134452
1.70658, 0.754734
-1.7042, 1.6035
-1.11697, 1.47115
3.03771, 0.436398
0.150891, 1.14743
4.83256, -0.0105884
-2.5715, 1.80822
-4.25463, 2.23468
-0.43154, 1.28103
-1.34844, 1.5166
0.758054, 0.969364
4.83983, -0.0374836
4.85162, -0.0615581
-2.74604, 1.81775
1.87386, 0.679941
4.51612, 0.0349576
-2.20232, 1.67909
2.93977, 0.417314
-1.30841, 1.42919
-4.38388, 2.21691
1.61478, 0.732387
-1.70544, 1.55373
1.79017, 0.687094
-1.37483, 1.44021
1.67663, 0.721162
-1.8262, 1.55881
4.05226, 0.128085
-0.721994, 1.28484
2.15363, 0.573917
4.9868, -0.125715
-1.01292, 1.3496
5.03913, -0.138322
2.97641, 0.362409
2.99062, 0.388974
3.51755, 0.23747
0.492855, 0.984269
0.00678858, 1.09165
2.07623, 0.575409
-1.15636, 1.36914
-1.97544, 1.57795
-0.881349, 1.32911
2.37351, 0.512864
1.71337, 0.665788
0.499109, 0.958842
0.939062, 0.843355
-4.32619, 2.15168
-1.30666, 1.41329
0.284934, 1.00222
-0.570037, 1.22013
-3.35204, 1.89175
4.69266, -0.0695418
3.07228, 0.312566
-0.910758, 1.2991
5.04958, -0.161332
-4.43301, 2.14627
-1.11042, 1.32881
3.43366, 0.20956
-2.47104, 1.64856
0.550103, 0.92429
-4.21829, 2.10385
0.489166, 0.942265
-1.56063, 1.43804
1.39068, 0.70755
-2.28957, 1.62262
-0.0851704, 1.06835
-2.12912, 1.5869
2.27265, 0.458984
2.59213, 0.393468
3.17471, 0.252645
0.817377, 0.835799
1.78559, 0.583508
-3.01928, 1.77944
-0.529569, 1.15062
0.10335, 1.00536
-2.05022, 1.54378
4.45517, -0.0508812
2.47732, 0.413187
-0.231702, 1.0797
-0.365056, 1.10401
-4.19933, 2.05279
3.47455, 0.151588
-1.4649, 1.3791
0.141626, 0.979096
-3.73999, 1.97383
-3.33634, 1.88023
3.52116, 0.141426
3.08627, 0.248696
2.07378, 0.48634
-1.47876, 1.36716
-3.76376, 1.93639
-1.615, 1.40316
-3.13932, 1.7734
2.09301, 0.485466
-0.561346, 1.13779
-2.71437, 1.65797
-2.82101, 1.67705
5.10781, -0.257709
1.45171, 0.624023
3.84746, 0.0616753
-2.27437, 1.55334
4.47143, -0.111179
2.62711, 0.3384
1.31687, 0.655238
3.38669, 0.148807
3.85737, 0.0310727
-0.0311573, 0.983053
-1.08861, 1.24651
4.3206, -0.0664342
1.15411, 0.685244
-1.52, 1.3368
2.0289, 0.455412
3.03824, 0.203446
0.367794, 0.873501
3.42245, 0.103644
-1.98591, 1.43574
3.10321, 0.172793
0.660828, 0.794951
4.35239, -0.134922
-4.21158, 1.97861
3.88805, 0.0011305
-2.00362, 1.43272
-0.539841, 1.07836
-3.19129, 1.72081
-1.1099, 1.19735
-0.983529, 1.18284
4.94729, -0.287058
3.79451, -0.00449468
3.42297, 0.0774152
3.61985, 0.0198322
-3.67989, 1.82975
-3.88239, 1.87003
-1.62346, 1.30889
2.91847, 0.198677
-2.13186, 1.45404
-4.21398, 1.93736
-2.29786, 1.47164
-4.44844, 1.98888
-4.09828, 1.91326
-3.87511, 1.85586
5.12525, -0.36632
1.08282, 0.632652
4.74804, -0.265804
1.65753, 0.478693
-2.58466, 1.52625
-2.31196, 1.45706
0.474987, 0.750113
-3.97658, 1.8575
2.5711, 0.229958
0.746776, 0.691584
0.311622, 0.792698
3.89174, -0.086321
3.85404, -0.0836634
-2.35869, 1.46207
3.95054, -0.0999053
0.0939822, 0.836397
2.47161, 0.248224
0.87488, 0.642439
-1.68901, 1.26407
0.58418, 0.70782
0.395797, 0.727781
3.99888, -0.15387
4.15752, -0.197018
4.18312, -0.190077
-0.958804, 1.06277
4.17412, -0.20217
-2.07935, 1.31717
0.480296, 0.692122
-4.14064, 1.85332
1.54767, 0.433097
4.35874, -0.262344
4.71957, -0.35052
4.13113, -0.223462
1.53096, 0.424113
0.94859, 0.559124
-2.3758, 1.36161
1.97398, 0.309374
3.83688, -0.117731
-3.30966, 1.59974
-3.28727, 1.58671
2.37007, 0.185249
-3.21079, 1.57349
1.16893, 0.486637
-1.84163, 1.22643
-1.41133, 1.12013
-1.01537, 1.01233
3.43936, -0.0885199
-2.05508, 1.28106
2.22049, 0.200247
3.2244, -0.03782
-1.20628, 1.05506
-1.73873, 1.18725
-2.48123, 1.35845
-0.917327, 0.970432
-0.800427, 0.931991
4.53316, -0.376195
-0.731647, 0.925145
2.08571, 0.247995
-3.91914, 1.69814
3.56862, -0.152946
2.79873, 0.04424
0.945277, 0.499494
2.23112, 0.183174
-0.498108, 0.853669
2.13644, 0.217416
-2.1218, 1.24733
-3.01879, 1.46955
3.73256, -0.208974
3.33076, -0.115434
-1.26401, 1.02278
-2.655, 1.36215
-3.21096, 1.50071
4.78054, -0.484603
4.48613, -0.397083
-0.325241, 0.785404
-0.712139, 0.881474
0.293403, 0.627106
4.09183, -0.298421
-2.39488, 1.27697
1.56732, 0.332722
0.85802, 0.477667
4.39999, -0.405456
-4.2188, 1.72921
-4.46673, 1.78575
4.7726, -0.500189
-3.59955, 1.57993
-2.01405, 1.16847
5.0782, -0.585515
-2.0172, 1.1456
-0.317204, 0.753993
-3.16716, 1.46774
4.6695, -0.481065
-3.69123, 1.58256
-1.71043, 1.08774
-2.15055, 1.16872
-2.60542, 1.30939
-0.337617, 0.748148
-4.33476, 1.72116
3.0159, -0.0604357
3.3387, -0.167657
-2.76111, 1.34025
3.76194, -0.277342
-3.91215, 1.62266
-2.27557, 1.20466
-1.8256, 1.1038
-0.842149, 0.860868
5.11317, -0.636211
4.45469, -0.468609
2.8335, -0.0687598
-3.64781, 1.52316
4.37445, -0.422108
-1.13261, 0.903894
-0.81435, 0.82169
2.11222, 0.100593
1.46101, 0.250955
1.71782, 0.20317
4.03889, -0.363261
1.91601, 0.137984
-2.62837, 1.2569
3.34576, -0.214747
1.37991, 0.256006
0.379209, 0.510051
-2.42254, 1.19377
-1.83117, 1.05006
-1.75131, 1.02916
2.41724, 0.0295319
-4.1043, 1.61434
3.55726, -0.290165
1.96489, 0.0960922
-1.56259, 0.977375
-2.37471, 1.17309
-3.91517, 1.54907
1.26793, 0.273141
1.50683, 0.213136
-4.52535, 1.7026
-1.54583, 0.955591
2.98616, -0.151832
4.24843, -0.487274
-2.45384, 1.15666
5.11867, -0.716124
2.82385, -0.144665
3.9963, -0.421632
-0.791294, 0.742707
-4.42114, 1.63252
-4.39907, 1.6174
2.64441, -0.114592
-0.343308, 0.617698
2.36546, -0.0604534
-2.87923, 1.24035
1.75318, 0.0953264
3.59159, -0.36319
-3.4549, 1.38746
1.23632, 0.213606
-1.44593, 0.878164
2.06726, 0.0159363
4.83595, -0.673468
-0.164522, 0.557715
-1.64863, 0.915418
1.73157, 0.103252
4.92629, -0.704226
-4.12043, 1.52513
-3.24036, 1.31249
2.07676, -0.00309539
3.15578, -0.26973
-2.88602, 1.22042
-2.01337, 0.994185
1.21773, 0.204985
4.00827, -0.487451
2.69816, -0.155846
-2.73116, 1.17057
-1.75537, 0.910516
-3.13509, 1.27839
0.896696, 0.280268
2.67441, -0.16508
0.43301, 0.385109
-0.408173, 0.596047
-4.34583, 1.56087
1.70352, 0.0512676
-2.20867, 1.04417
4.34803, -0.580205
-3.24151, 1.28564
0.818633, 0.278788
-1.04752, 0.735464
-2.57819, 1.097
2.29225, -0.0993493
3.19493, -0.310982
1.06034, 0.201882
3.88717, -0.491136
-2.61022, 1.1099
4.75016, -0.713536
1.76095, 0.026045
-3.8515, 1.41794
1.18799, 0.16764
-1.03754, 0.649742
3.06159, -0.300746
1.70009, 0.0544221
-1.92961, 0.926669
-0.269323, 0.519158
-1.43616, 0.807385
-3.69472, 1.36787
-3.72814, 1.34738
4.97653, -0.783339
4.46457, -0.685139
-0.637959, 0.584388
-0.160403, 0.481467
1.91921, -0.024517
-1.80043, 0.877275
-2.42022, 1.0185
1.19666, 0.123783
2.74326, -0.24629
-0.139593, 0.453292
1.68959, -0.0056154
0.108127, 0.388792
2.47877, -0.205155
-3.33559, 1.22756
2.12385, -0.106703
4.0287, -0.618354
5.11867, -0.869457
-1.21323, 0.699257
3.32355, -0.428122
-0.0730401, 0.414932
0.563691, 0.257543
2.98825, -0.338862
0.510659, 0.264805
4.52477, -0.723768
0.825024, 0.17381
4.58351, -0.74359
0.601924, 0.254132
4.07236, -0.61286
-3.91293, 1.33331
-3.05876, 1.147
2.31371, -0.178172
-3.06244, 1.13627
4.08958, -0.62746
0.900155, 0.156287
1.58243, -0.0122515
4.73254, -0.790453
0.529064, 0.243825
-1.59206, 0.767058
-4.51961, 1.48364
1.39728, 0.023853
-2.3333, 0.936159
-4.01132, 1.35327
3.04007, -0.397838
-0.396307, 0.460558
-3.70491, 1.26468
4.46619, -0.733509
0.620973, 0.212142
-1.08888, 0.622558
1.38198, 0.00469459
-3.20066, 1.15179
1.2897, 0.0137829
2.43844, -0.264123
3.22754, -0.455961
-1.9282, 0.808236
-2.80227, 1.00819
1.98623, -0.1679
-0.305077, 0.39686
0.16038, 0.273772
3.58619, -0.570109
0.801873, 0.116436
0.394459, 0.217675
-1.10126, 0.587945
3.46171, -0.550548
4.72876, -0.849556
-3.32326, 1.15266
-0.231467, 0.362964
2.80832, -0.378307
3.30597, -0.507657
-3.69192, 1.20821
1.99458, -0.191422
1.3712, -0.030068
0.350554, 0.210893
3.29322, -0.51639
0.595004, 0.145095
3.07704, -0.462923
-3.63194, 1.18315
3.33876, -0.536614
-0.0891574, 0.311197
2.6903, -0.397609
4.31523, -0.801847
1.43659, -0.0673573
0.650821, 0.128888
-4.37928, 1.36332
1.95876, -0.210115
4.59459, -0.856754
-1.34365, 0.60088
-2.91073, 0.987808
-3.28654, 1.08099
4.95134, -0.95017
-2.56876, 0.892943
0.89996, 0.0389619
-4.0843, 1.25658
3.2537, -0.542888
2.83287, -0.445786
3.39633, -0.579943
-2.92605, 0.972833
1.36449, -0.0872045
3.53991, -0.623186
0.435966, 0.13213
-3.30017, 1.06329
-3.92538, 1.21674
2.18358, -0.283749
-4.22024, 1.28469
-3.20847, 1.03138
-3.45967, 1.09129
4.58775, -0.883129
0.825339, 0.0443651
-2.13882, 0.762477
0.768515, 0.0149289
3.98358, -0.746613
0.390783, 0.0837543
5.07699, -1.04983
-3.80171, 1.16461
2.42087, -0.367358
-3.72235, 1.11133
-0.939968, 0.448457
-4.15775, 1.24401
1.13633, -0.0639532
4.35144, -0.849428
4.7224, -0.925716
2.25722, -0.351755
-2.66835, 0.862724
-0.840473, 0.425258
3.91797, -0.761387
-2.75422, 0.876637
-1.82041, 0.643086
1.08311, -0.0760214
-3.29639, 0.993808
-2.393, 0.778023
1.91229, -0.269506
-2.33418, 0.766322
-2.07132, 0.694894
-1.30926, 0.508052
4.43341, -0.954431
1.02086, -0.0812723
1.86679, -0.285032
-0.936192, 0.398106
-2.08301, 0.681316
-1.8, 0.617614
0.967297, -0.0798567
-0.736569, 0.345019
-3.93887, 1.12881
2.66419, -0.510202
1.32916, -0.174061
-0.44546, 0.256937
-1.98781, 0.638209
5.03509, -1.09073
1.77417, -0.288177
1.59668, -0.237541
0.936344, -0.0826476
0.958993, -0.0914355
-2.53015, 0.771194
1.62526, -0.270003
-3.69713, 1.04625
2.05728, -0.374829
-1.0169, 0.360596
1.66776, -0.279041
-2.29697, 0.702264
-4.48725, 1.23005
-2.33912, 0.705342
4.93057, -1.10296
-4.4972, 1.23875
3.89206, -0.827212
3.25614, -0.68935
-0.559383, 0.262363
-4.19299, 1.16591
-0.66673, 0.287362
2.41397, -0.469319
-3.11814, 0.87127
1.93014, -0.358955
4.78238, -1.06925
2.28433, -0.452352
-0.06447, 0.118449
3.0351, -0.636424
0.867491, -0.117852
4.38896, -0.961676
2.82743, -0.590881
2.53774, -0.510775
3.05232, -0.637131
4.39574, -0.977375
3.56775, -0.779021
0.221355, 0.033232
-2.72719, 0.786337
-3.42989, 0.942756
2.20437, -0.44767
-2.61097, 0.735057
4.43368, -1.00001
-0.773432, 0.279204
-3.64376, 0.984415
4.8271, -1.07956
4.55644, -1.05535
3.34362, -0.740578
-1.90427, 0.566091
3.36548, -0.73315
3.85809, -0.874414
1.36465, -0.261764
0.373902, -0.0305283
1.57467, -0.358321
2.05701, -0.436738
4.59483, -1.0283
-2.36061, 0.64632
-1.6161, 0.460207
1.87477, -0.405218
3.67693, -0.855106
-0.283434, 0.125198
-3.41318, 0.90301
2.68725, -0.607004
1.77934, -0.393541
1.82291, -0.402967
0.642445, -0.109463
-0.809457, 0.241352
4.82087, -1.14024
-1.27417, 0.351956
2.57445, -0.608642
1.05228, -0.212988
-1.16629, 0.325866
-4.15104, 1.0511
4.29819, -1.024
0.408042, -0.0734012
-3.37257, 0.857508
3.77369, -0.905797
3.20959, -0.771074
-0.84847, 0.234647
2.80299, -0.675856
-3.15961, 0.794948
4.55556, -1.12696
4.99755, -1.21604
3.19705, -0.775389
2.03586, -0.493304
0.526299, -0.113138
-1.36392, 0.351815
-2.91763, 0.726569
-3.63736, 0.891566
-2.84326, 0.716529
3.5218, -0.889864
0.794204, -0.201137
4.39079, -1.08963
-1.99343, 0.467924
-4.32021, 1.06601
-1.87182, 0.451911
-3.38526, 0.813566
4.53666, -1.15363
3.51702, -0.888154
2.91053, -0.733916
0.452716, -0.148619
-2.17742, 0.517839
2.1002, -0.540219
-2.87552, 0.690438
0.889304, -0.243555
-1.15837, 0.279946
-0.731923, 0.156199
0.371738, -0.12799
3.33527, -0.874165
-0.394607, 0.0651183
-2.70055, 0.631421
-1.62229, 0.368721
-2.82298, 0.661417
1.68933, -0.441009
3.66383, -0.947631
-3.65001, 0.84432
-0.908252, 0.166319
0.595477, -0.206665
1.05881, -0.319384
4.1671, -1.07228
2.63323, -0.720654
4.87737, -1.26163
2.36448, -0.647455
0.180498, -0.113218
1.80679, -0.510418
0.442454, -0.178823
4.36855, -1.15797
3.4289, -0.917482
-2.72975, 0.602951
-0.450869, 0.0355459
1.18744, -0.382133
-0.210796, -0.0265816
-2.67196, 0.56923
2.80963, -0.797993
-0.410303, 0.00529466
-3.32827, 0.714219
3.9275, -1.07819
-2.3103, 0.463838
1.61807, -0.509244
-1.08122, 0.1641
-1.15387, 0.196708
3.16159, -0.884188
-3.74016, 0.814376
1.12533, -0.386776
2.45071, -0.716313
-1.25078, 0.200071
3.46771, -1.01964
0.712962, -0.298254
-0.535776, -0.00734613
4.85147, -1.32262
0.471897, -0.273657
-1.50456, 0.234387
2.483, -0.785033
1.9291, -0.616315
1.36178, -0.480323
-1.60479, 0.294305
-1.10656, 0.124105
3.24966, -0.949331
1.80709, -0.579036
0.384075, -0.238742
-1.50181, 0.230623
2.62894, -0.79777
3.61682, -1.01889
4.01643, -1.13891
4.8755, -1.35455
3.36713, -0.998827
3.66538, -1.06171
0.49774, -0.291927
3.65461, -1.06369
0.170016, -0.208437
1.3315, -0.49236
4.84416, -1.36307
-1.4676, 0.181815
1.19026, -0.463625
-4.13245, 0.847982
-1.64755, 0.253148
-4.10563, 0.82055
-1.34401, 0.14387
-2.72016, 0.470266
4.18536, -1.22397
-0.122571, -0.157574
-2.33596, 0.380635
1.10529, -0.46865
4.01941, -1.19487
1.39397, -0.544979
1.25479, -0.508512
-0.452392, -0.0954938
-1.81665, 0.232915
0.399456, -0.311749
-3.11972, 0.566793
3.08308, -0.994126
1.57256, -0.609579
4.64845, -1.38603
4.07591, -1.20845
-3.50587, 0.629226
-0.116679, -0.20739
2.2051, -0.785418
-3.22657, 0.556228
1.06083, -0.491591
3.30837, -1.06462
-3.02464, 0.496707
-4.27922, 0.816755
-2.4383, 0.377508
0.408648, -0.353062
0.958698, -0.484756
3.67657, -1.15096
-3.26273, 0.557117
-1.0509, 0.0130129
-3.11868, 0.508352
2.28154, -0.83255
-2.85353, 0.444756
1.03788, -0.52146
4.83161, -1.45714
1.44379, -0.637907
3.93989, -1.25196
-0.454656, -0.147002
4.43535, -1.34562
-1.13078, 0.00432232
-3.07206, 0.472215
0.923237, -0.508159
-3.25666, 0.520828
-3.62958, 0.601109
-0.379262, -0.196023
-2.6363, 0.352849
2.35776, -0.874427
0.404267, -0.407819
-4.65242, 0.844702
-3.84499, 0.627411
0.42708, -0.423035
3.77263, -1.23435
3.22069, -1.13091
-3.59875, 0.576212
2.42548, -0.912006
-1.58628, 0.0817177
4.26665, -1.36197
2.48714, -0.930955
3.39764, -1.16638
4.3613, -1.41873
3.94682, -1.36948
0.473345, -0.447388
-4.41273, 0.769685
4.72615, -1.50727
-4.01109, 0.666386
3.61289, -1.23081
-1.90057, 0.128914
-1.67661, 0.0646192
0.123939, -0.382937
-1.99283, 0.145287
-0.799246, -0.157512
-1.81374, 0.0985745
-0.50205, -0.245151
-2.97122, 0.384545
2.81776, -1.05007
0.863354, -0.569364
1.86584, -0.823365
0.775921, -0.561892
4.76108, -1.55945
2.14459, -0.911422
-3.13801, 0.374459
-4.33726, 0.694465
3.06731, -1.14352
-2.79373, 0.296963
1.65432, -0.801768
1.69789, -0.816033
-1.52457, -0.0260573
2.85452, -1.1176
2.94436, -1.14149
3.52092, -1.27573
-4.18208, 0.622734
0.508934, -0.53348
4.70938, -1.57916
-1.78928, 0.0417846
4.0492, -1.42194
4.24884, -1.4906
-3.73117, 0.494695
-0.747753, -0.231577
-0.376527, -0.351842
4.62613, -1.56464
-4.54412, 0.690716
3.61853, -1.34837
0.639951, -0.603978
-0.169503, -0.399177
0.925497, -0.678622
4.85708, -1.62594
-1.58386, -0.0578766
-0.666252, -0.280891
-4.07295, 0.553573
3.97842, -1.44351
-4.2613, 0.61376
-3.94445, 0.516444
-4.1594, 0.5809
2.62753, -1.15093
-2.69803, 0.208648
-3.14248, 0.309339
4.42161, -1.5583
0.579895, -0.605792
0.816342, -0.651552
-4.65796, 0.68357
0.448489, -0.575634
-4.47529, 0.629454
-3.05078, 0.289583
0.179282, -0.515206
-3.92719, 0.498299
2.25378, -1.02372
-1.3894, -0.122577
-1.15983, -0.191165
3.72469, -1.39816
-2.75693, 0.195436
-3.16475, 0.290199
-2.35264, 0.096247
2.24329, -1.04133
3.03344, -1.23435
-1.5975, -0.103258
-4.55217, 0.628211
4.55317, -1.62937
3.01861, -1.25117
-1.41801, -0.157397
2.66656, -1.16148
-4.70457, 0.6644
-3.20604, 0.297769
0.453255, -0.62666
2.29331, -1.07154
2.06547, -1.01399
-2.60187, 0.133134
1.06817, -0.780317
4.21404, -1.56495
-3.6989, 0.389185
3.9468, -1.45119
-4.25816, 0.528712
-0.724, -0.348015
-1.36084, -0.195974
-1.79503, -0.0987869
-1.62819, -0.137583
-1.78591, -0.103834
-0.600045, -0.398033
1.4909, -0.907165
0.909936, -0.764298
-0.514321, -0.427212
-4.65221, 0.600775
-2.29336, 0.0270882
0.635727, -0.73491
-1.66441, -0.138909
0.587987, -0.701605
0.586297, -0.710285
-1.4168, -0.211499
-0.740129, -0.380292
0.553985, -0.70099
4.80753, -1.75593
1.34247, -0.88769
-4.2219, 0.492944
-4.32337, 0.521391
3.85021, -1.5509
2.08593, -1.09066
1.21371, -0.877093
1.82866, -0.99889
-3.56394, 0.302765
-2.8846, 0.122622
0.706482, -0.755782
-4.63375, 0.560696
-1.55637, -0.196388
-0.681297, -0.420044
4.22433, -1.63477
4.88566, -1.79421
-2.40702, 0.00465029
-1.31706, -0.264314
0.854846, -0.814538
-3.30983, 0.257658
-0.20757, -0.544572
-4.76916, 0.583224
4.84601, -1.79804
0.239624, -0.669348
-2.4343, -0.0110818
-4.82152, 0.58328
3.91007, -1.57499
1.15461, -0.906762
1.53526, -0.997186
-4.36516, 0.463763
4.69603, -1.77578
3.3182, -1.44005
0.155319, -0.665044
2.66562, -1.28325
-1.52925, -0.236501
1.2261, -0.925154
-3.1465, 0.136528
4.59744, -1.77114
0.51196, -0.75552
2.91138, -1.35154
1.02714, -0.903215
-3.0798, 0.123307
0.0334831, -0.639551
1.03932, -0.886383
3.50285, -1.49906
1.95654, -1.09957
0.00242758, -0.645045
0.742457, -0.820306
-2.21643, -0.0861155
0.793934, -0.839619
-2.48437, -0.0311664
1.19363, -0.952791
2.2682, -1.21336
4.65827, -1.80149
2.92344, -1.37438
-4.58393, 0.491155
1.89432, -1.13007
4.84675, -1.87495
-3.75497, 0.265217
3.05938, -1.42585
4.14668, -1.68647
4.19966, -1.68289
0.0117877, -0.66421
0.766135, -0.875298
2.57141, -1.30999
-1.74953, -0.290126
-1.053, -0.417482
3.48819, -1.53059
1.6807, -1.04749
-0.391158, -0.578754
-1.47907, -0.317242
1.60956, -1.08274
3.1137, -1.45101
-3.87294, 0.268346
-1.83822, -0.233312
2.4367, -1.29268
1.60851, -1.10518
3.0481, -1.47564
0.685212, -0.896754
4.2186, -1.77375
1.7138, -1.12989
4.53664, -1.84979
0.474295, -0.836756
0.589862, -0.858568
3.76698, -1.66392
-0.576187, -0.585915
0.61001, -0.882004
-3.87026, 0.208354
3.13385, -1.49399
2.16892, -1.26509
-0.466056, -0.622911
-4.70532, 0.424701
2.5336, -1.3643
2.77874, -1.42535
-3.76628, 0.190822
4.12062, -1.75329
-1.06041, -0.485624
2.70573, -1.39834
-0.890126, -0.534051
4.68307, -1.90368
-4.49642, 0.360291
-0.0232924, -0.744932
-4.27946, 0.289075
1.65812, -1.17933
-0.913014, -0.544412
-2.65966, -0.109317
0.96252, -1.01472
3.03029, -1.54093
-0.231004, -0.737932
-3.30022, 0.0445799
-0.132868, -0.757985
3.63447, -1.68356
4.30193, -1.84305
-3.44757, 0.0796288
-4.70973, 0.37389
1.21437, -1.08905
-3.40762, 0.0581799
4.68618, -1.94883
-0.139704, -0.7133
1.07037, -1.06798
2.7395, -1.46752
-0.315328, -0.728225
1.19879, -1.12869
3.23001, -1.60456
1.597, -1.21574
2.00667, -1.29937
-4.05309, 0.203946
0.417961, -0.917289
-0.498481, -0.69025
-4.20928, 0.222118
4.30797, -1.88493
-0.057764, -0.805327
1.59426, -1.21403
0.888409, -1.0489
-0.372499, -0.738985
4.82573, -2.02496
-4.21778, 0.213856
0.362687, -0.919048
-1.24255, -0.502514
4.42133, -1.91834
-0.200712, -0.779588
-4.14533, 0.195381
2.84503, -1.53255
1.94319, -1.31537
2.76907, -1.52445
-1.15656, -0.550071
-0.702868, -0.667665
-1.86171, -0.38334
3.37062, -1.66335
-2.61018, -0.192693
-0.448755, -0.738491
-4.22107, 0.190782
1.41852, -1.20111
0.159896, -0.889784
1.43676, -1.21518
2.97452, -1.59337
2.01939, -1.3506
1.64894, -1.29723
-0.214633, -0.819733
-2.26232, -0.300605
-2.42107, -0.278909
1.78965, -1.31819
1.75285, -1.31583
1.49884, -1.25173
-0.165278, -0.850275
0.195451, -0.936633
3.37509, -1.71545
1.34356, -1.2212
-0.991974, -0.635765
2.06613, -1.38794
-2.02649, -0.386823
0.518241, -1.0472
-3.0161, -0.152988
-4.05154, 0.0980849
2.73867, -1.59732
-0.513749, -0.791776
-1.19849, -0.612437
0.155985, -0.952246
-1.09944, -0.639229
4.12234, -1.9474
-1.24779, -0.616619
3.19028, -1.70789
0.693291, -1.11081
-1.0004, -0.679521
-1.34362, -0.568447
-4.6337, 0.223555
-0.210178, -0.874922
2.38355, -1.5005
-2.79566, -0.224541
1.41978, -1.26991
-2.8878, -0.216103
4.53928, -2.05886
-0.282537, -0.891043
-1.75541, -0.503028
1.74917, -1.36817
-4.70102, 0.209501
2.38078, -1.54255
-3.56095, -0.0543016
-2.50256, -0.336658
3.74539, -1.87436
-0.0405939, -0.948366
4.66492, -2.11055
-2.10198, -0.44126
1.87893, -1.42585
3.36305, -1.78627
-2.08586, -0.436271
-2.39006, -0.373447
-2.51709, -0.342953
-3.44793, -0.119104
-2.96978, -0.247557
-2.93926, -0.216782
3.01001, -1.72309
-2.58821, -0.328124
3.09229, -1.74085
3.12854, -1.75127
-0.820578, -0.781264
3.3886, -1.81706
-4.58262, 0.153242
-3.25415, -0.185495
-3.32494, -0.166082
-3.00084, -0.252793
0.365567, -1.08275
4.67881, -2.16074
4.45219, -2.09806
-3.65488, -0.0824578
-1.39028, -0.659245
2.54443, -1.63706
1.46334, -1.39305
-2.63815, -0.365653
1.60795, -1.4135
1.88998, -1.49007
-3.22805, -0.224614
2.43386, -1.6357
-3.12484, -0.250143
-0.844905, -0.822975
-1.80457, -0.579002
-1.69188, -0.60612
-3.45872, -0.146599
1.62763, -1.4322
1.65105, -1.43077
4.23903, -2.0573
0.30615, -1.11012
1.59594, -1.40076
-1.07767, -0.769531
-4.23193, 0.0051206
2.31449, -1.61793
1.73627, -1.48383
2.30136, -1.60628
-2.09565, -0.528165
-0.183902, -0.997557
-1.00092, -0.805621
1.66667, -1.45498
1.43163, -1.41247
-0.503899, -0.93665
-1.36667, -0.714685
-2.53811, -0.424086
-1.28347, -0.742789
-3.33529, -0.232796
-3.53827, -0.173413
-1.59924, -0.670507
0.388508, -1.15812
4.47462, -2.17322
-1.42931, -0.711421
4.58002, -2.20627
-4.12832, -0.0474167
-1.76201, -0.631085
0.733272, -1.27806
3.9348, -2.05925
-3.54649, -0.218645
-4.69579, 0.0732504
-1.20991, -0.785097
1.9089, -1.55216
-3.79827, -0.129082
3.47605, -1.94584
-1.32074, -0.775098
-1.65105, -0.702967
-0.238742, -1.04598
-1.8161, -0.651475
0.418226, -1.20486
-1.69969, -0.667275
-4.18926, -0.0591768
-2.62394, -0.444096
-4.69639, 0.0555637
-2.33339, -0.513237
-1.1928, -0.813098
3.98964, -2.08543
3.51188, -1.98326
4.70703, -2.28692
-0.835081, -0.913359
3.39912, -1.95389
-3.02846, -0.37635
3.1329, -1.90068
1.52301, -1.49235
-1.59218, -0.7351
-1.81738, -0.679577
1.06345, -1.37644
-1.97958, -0.638772
-4.74801, 0.0485873
1.25732, -1.43682
4.67295, -2.32554
-3.69645, -0.217339
3.00404, -1.8767
4.61077, -2.27436
-3.00086, -0.391567
-4.19549, -0.109334
-3.19445, -0.328439
0.889658, -1.36772
2.95268, -1.86369
2.08564, -1.65984
1.19604, -1.41422
-2.83204, -0.451761
-3.9558, -0.168493
4.50702, -2.2635
1.26021, -1.47887
3.01106, -1.90345
0.317799, -1.24207
1.81742, -1.61494
-3.4224, -0.31701
-2.1628, -0.631373
-3.55738, -0.303888
-1.66017, -0.764229
1.24871, -1.48458
1.50654, -1.54476
-2.93487, -0.457813
1.74442, -1.70747
0.433326, -1.29754
1.43199, -1.56272
-3.83401, -0.222634
4.29232, -2.24335
-2.75396, -0.49812
-2.6534, -0.534655
1.04132, -1.44558
-4.32355, -0.122685
1.76797, -1.64581
-0.297388, -1.12367
-3.37395, -0.369191
-2.679, -0.534506
3.86, -2.15782
1.52526, -1.59153
-3.53935, -0.343501
-3.74703, -0.309272
1.95763, -1.7057
-4.17134, -0.201219
1.42624, -1.56664
-4.02192, -0.243903
-3.21572, -0.43004
3.49321, -2.09597
2.10759, -1.75488
-1.5557, -0.855812
1.2141, -1.55208
4.69742, -2.41191
0.273826, -1.31771
3.52645, -2.12272
-2.69704, -0.583602
-0.447752, -1.09748
4.46121, -2.34655
3.22889, -2.0494
-4.20657, -0.227949
-4.87213, -0.0596802
-1.62207, -0.860733
2.23979, -1.82022
3.75437, -2.19062
-0.539486, -1.14288
-3.50002, -0.403321
0.0659454, -1.29267
2.06265, -1.78552
0.878367, -1.48807
-4.24206, -0.214973
3.84375, -2.22902
-3.09491, -0.505956
-3.80787, -0.342868
-2.34555, -0.700777
1.0362, -1.55057
2.92709, -2.02476
-3.28772, -0.467986
-0.366624, -1.20339
-2.35846, -0.683809
-2.34305, -0.680773
4.63588, -2.43539
4.01738, -2.27907
1.8452, -1.74655
-2.52444, -0.670759
-3.45924, -0.433068
-2.32868, -0.714625
3.04643, -2.03925
-4.87642, -0.0925699
4.70316, -2.44998
-3.46912, -0.446396
-3.25094, -0.480655
1.97326, -1.78765
4.44375, -2.39454
-4.50173, -0.194516
1.48207, -1.67556
1.48703, -1.67563
-3.00247, -0.59981
2.06584, -1.81487
3.82817, -2.27282
3.55053, -2.19907
-2.22998, -0.782796
-1.54734, -0.953036
4.09806, -2.34849
4.33172, -2.40996
-2.44441, -0.746824
-4.58848, -0.216002
2.89998, -2.0678
-4.48734, -0.19826
-4.52917, -0.235701
2.98809, -2.09621
-0.11, -1.32585
4.54915, -2.48958
3.94583, -2.33285
-1.76813, -0.923286
2.42217, -1.97046
1.23357, -1.66878
2.67046, -2.02829
2.8049, -2.09273
4.1439, -2.38616
0.311206, -1.45713
-3.97981, -0.411304
0.025835, -1.39639
2.998, -2.12254
-1.14221, -1.11113
-1.67004, -0.966068
1.15191, -1.68255
3.52062, -2.27725
-0.406469, -1.3014
-2.17001, -0.875405
-3.23877, -0.593396
3.44651, -2.2618
1.94819, -1.89504
-1.02528, -1.15902
-2.94939, -0.692057
-4.41018, -0.333365
-3.91991, -0.469556
-3.35452, -0.604922
-0.638299, -1.2743
-1.27277, -1.1205
0.385211, -1.53094
-4.70481, -0.270613
4.34135, -2.49296
-3.48916, -0.57409
-1.43483, -1.08458
3.50275, -2.30554
1.45943, -1.80981
-3.67699, -0.525779
0.169099, -1.4804
-3.38144, -0.616438
-4.65829, -0.298995
-3.22196, -0.654544
1.36679, -1.78905
2.57307, -2.0836
0.297904, -1.53482
4.34074, -2.50769
-4.30674, -0.392882
-0.744507, -1.2514
-3.90991, -0.488706
-1.21678, -1.16311
2.90474, -2.18042
1.07253, -1.69615
-3.7961, -0.527814
-1.16106, -1.18695
0.804017, -1.65653
2.29582, -2.02721
0.250478, -1.54438
3.0769, -2.23996
-4.41038, -0.394805
4.57588, -2.61534
3.3965, -2.31548
-4.24565, -0.433719
-4.15481, -0.459878
3.62238, -2.39057
-2.21995, -0.940071
-2.92906, -0.780337
1.87976, -1.96935
1.87012, -1.95992
-0.15761, -1.46268
-3.4409, -0.648481
-2.6169, -0.823571
2.80126, -2.17622
-0.632283, -1.36301
-1.53198, -1.11416
0.913427, -1.71029
-2.5041, -0.882205
3.7414, -2.45491
-2.81547, -0.804031
-2.35696, -0.92886
-3.39766, -0.672785
1.62663, -1.90049
-2.02297, -1.01211
2.55595, -2.14817
1.70616, -1.93568
-1.33684, -1.18251
0.909616, -1.7504
-0.118933, -1.49899
-3.26572, -0.739554
-2.57181, -0.881807
-0.342108, -1.46917
-3.20344, -0.734927
-4.74617, -0.354371
-1.51157, -1.15965
3.9092, -2.49648
0.0846216, -1.55831
-5.00489, -0.295909
-0.325102, -1.46404
-0.560999, -1.39035
4.06636, -2.53853
3.79735, -2.47505
-4.55577, -0.4133
-1.55394, -1.16382
2.00993, -2.03974
1.16709, -1.80498
-4.04149, -0.54845
2.23468, -2.10094
4.64253, -2.69646
1.14944, -1.8289
0.626421, -1.69908
-0.116067, -1.53178
-2.98239, -0.822652
-2.65609, -0.905826
-0.229445, -1.51566
4.34435, -2.63055
-3.87957, -0.611882
-1.5517, -1.19169
-1.83584, -1.12411
-0.511757, -1.46708
-4.9397, -0.370343
-2.66643, -0.934191
-0.0878091, -1.56237
-4.81534, -0.393672
4.43047, -2.68737
-0.883099, -1.37754
-2.36744, -1.00341
-1.27399, -1.27712
1.39838, -1.93172
-4.34013, -0.514256
-1.21011, -1.28858
-1.02862, -1.33728
-2.45132, -0.995814
1.20086, -1.90167
-1.76034, -1.16956
-2.76195, -0.919885
-3.10732, -0.847292
-0.782371, -1.42487
0.6107, -1.75125
3.41112, -2.45331
-3.51799, -0.768366
-0.625521, -1.46344
2.98823, -2.37466
-2.52153, -1.00165
1.42199, -1.97533
4.30757, -2.68685
0.515261, -1.78298
-4.58619, -0.49662
3.06142, -2.39077
-1.32353, -1.32274
2.39699, -2.22275
-2.08769, -1.12521
-4.24427, -0.609307
-0.974578, -1.40641
1.93759, -2.119
-2.84448, -0.971019
-3.45654, -0.792005
0.249082, -1.71758
0.902204, -1.88413
4.23359, -2.70505
2.38219, -2.24996
2.60989, -2.30393
-2.1995, -1.12198
1.0641, -1.94507
-3.65383, -0.761633
-2.62034, -1.02376
-3.62827, -0.788083
2.64064, -2.33647
0.50334, -1.80585
4.59576, -2.82556
3.35157, -2.5123
-3.16413, -0.915484
4.47871, -2.80892
-5.08421, -0.444798
-4.09219, -0.677676
-4.91476, -0.489608
3.83473, -2.64281
-3.30941, -0.894501
-1.58453, -1.30823
3.29662, -2.50704
4.18507, -2.73318
1.71433, -2.13812
2.32783, -2.27338
2.16683, -2.23897
4.25183, -2.75938
-3.65588, -0.810897
-1.27883, -1.40149
1.35437, -2.05364
-0.747215, -1.53449
-2.79867, -1.06057
-3.36412, -0.847359
1.48589, -2.09334
4.36992, -2.78976
3.02452, -2.47421
3.22029, -2.5231
-4.84623, -0.549261
-4.404, -0.632194
1.71973, -2.17094
0.613167, -1.88391
-3.7832, -0.761817
-1.29514, -1.4226
-3.10377, -0.983189
1.02569, -2.00791
-1.8987, -1.27077
-0.296993, -1.68491
-2.94616, -1.01919
3.33801, -2.58161
4.39528, -2.86063
4.57846, -2.89643
2.61785, -2.41165
-0.705188, -1.61107
2.7767, -2.47328
0.77806, -1.96859
-1.24477, -1.47621
-3.25438, -0.980265
1.37773, -2.12845
-0.383297, -1.69981
-3.52257, -0.914783
-0.140762, -1.7453
2.14531, -2.32302
-4.5173, -0.67784
-4.81819, -0.609548
-0.493489, -1.68206
-1.4855, -1.435
1.84972, -2.26136
3.38578, -2.6325
3.61206, -2.71027
-0.161007, -1.76842
-3.82627, -0.865545
2.0227, -2.29306
-1.66062, -1.40439
-1.92131, -1.34202
-0.781089, -1.62517
1.47456, -2.1689
0.72881, -2.00067
2.04572, -2.33278
-2.05767, -1.26633
-2.3003, -1.26533
2.066, -2.34237
-1.21064, -1.5399
-3.09424, -1.07994
4.43002, -2.94229
2.36317, -2.42542
-3.4617, -0.993987
-3.90335, -0.879473
0.428822, -1.95772
2.44215, -2.4559
-3.35634, -1.02168
-3.11106, -1.09277
-4.12415, -0.812591
1.59317, -2.2451
3.65343, -2.74609
-3.45045, -1.01213
-2.68217, -1.19289
1.25386, -2.17516
4.48144, -2.97322
1.43041, -2.24364
1.21399, -2.16669
-3.0489, -1.12323
2.41279, -2.46774
-3.0114, -1.11291
-3.49189, -1.0262
-4.59761, -0.753697
-1.35407, -1.54902
-3.62369, -0.981205
-2.21787, -1.34509
-0.474903, -1.76742
-2.8177, -1.19416
-2.46057, -1.28328
2.00356, -2.38371
-1.9778, -1.40511
3.89696, -2.85323
-1.71626, -1.46376
-2.86405, -1.18813
1.35827, -2.22873
-3.85749, -0.93763
-4.05369, -0.877005
-4.40442, -0.8047
-0.308015, -1.82316
-2.52798, -1.28724
2.21084, -2.45665
-2.32317, -1.33288
-1.67978, -1.50731
3.69068, -2.82791
-1.51689, -1.5366
1.12541, -2.19313
-4.1486, -0.909122
-3.67914, -1.02461
-4.56017, -0.800365
-2.07885, -1.43604
3.61575, -2.846
2.20303, -2.47627
-1.5151, -1.54728
1.34376, -2.26871
2.52515, -2.58135
-1.00217, -1.68762
-4.77447, -0.752673
-2.84182, -1.21008
4.10656, -2.94717
3.24367, -2.72718
0.318804, -2.01123
4.33804, -3.01645
-0.178195, -1.91309
-4.19636, -0.918212
-5.1128, -0.693046
-1.03672, -1.70209
1.35594, -2.31164
3.2146, -2.75888
-0.0332816, -1.95508
-0.425739, -1.85776
-3.26066, -1.16378
0.813967, -2.16882
1.35963, -2.27977
1.51392, -2.34399
0.537578, -2.08752
4.27466, -3.02917
-2.30184, -1.40868
-2.58859, -1.34713
-2.51234, -1.35932
-3.18885, -1.20186
2.05259, -2.48888
-0.900038, -1.74936
3.34037, -2.80835
-2.78112, -1.2969
2.88276, -2.70395
-1.38322, -1.65041
-0.468432, -1.88002
-2.70186, -1.35183
3.44662, -2.84572
3.96994, -2.97599
-4.24026, -0.985576
3.78625, -2.95391
-1.93428, -1.53177
-1.14547, -1.71247
3.59167, -2.90479
3.51658, -2.88944
1.80423, -2.47438
-0.827965, -1.82258
1.90268, -2.50179
0.405355, -2.1263
2.18069, -2.56277
1.13198, -2.30481
-0.491931, -1.90868
-4.00898, -1.03596
0.832589, -2.23402
-2.06946, -1.51853
1.28937, -2.34475
-3.27195, -1.23206
-4.04627, -1.02742
-4.88862, -0.830111
0.927411, -2.27503
-1.41888, -1.69082
1.57647, -2.43758
-2.82073, -1.36168
-3.81656, -1.10799
2.8333, -2.75176
4.22872, -3.10438
-0.287935, -1.98913
-2.82825, -1.38889
-0.385696, -1.98128
-4.75638, -0.908901
0.215806, -2.11387
0.486937, -2.20249
-2.10118, -1.56552
-4.22293, -1.027
1.91939, -2.55046
-1.5679, -1.69832
1.05486, -2.34408
1.72454, -2.53016
-3.96979, -1.15683
1.87861, -2.56829
0.7332, -2.27939
-2.26162, -1.54596
0.133281, -2.12011
4.13742, -3.1255
-1.21425, -1.80283
1.85288, -2.56621
-2.90566, -1.34005
-0.706369, -1.92845
4.1961, -3.14859
-1.06545, -1.83147
-0.358138, -2.01246
2.48602, -2.7202
-2.56072, -1.48933
-3.43001, -1.25353
2.11015, -2.6382
-0.0750086, -2.09961
-0.76858, -1.94143
1.34022, -2.4524
2.82836, -2.81554
-4.39444, -1.0511
-3.86582, -1.17111
-1.39384, -1.78384
-4.87387, -0.932869
3.50155, -2.99394
1.20855, -2.43831
-3.84042, -1.18782
1.98178, -2.6435
1.09567, -2.38912
-1.02907, -1.87037
-4.44429, -1.04956
1.42095, -2.49518
0.0841722, -2.17963
-3.84533, -1.24001
-4.47992, -1.04058
-1.91371, -1.68407
3.18762, -2.94262
-4.86257, -0.95826
-1.53872, -1.78422
-4.11299, -1.14669
-1.42395, -1.81216
3.70852, -3.06167
1.67445, -2.58187
-3.71284, -1.23994
-4.21597, -1.11758
1.36752, -2.53145
-3.78023, -1.26414
3.2845, -2.99147
-2.17737, -1.64195
-0.894332, -1.97679
1.28106, -2.517
-3.3455, -1.37181
-4.6128, -1.02856
1.06803, -2.45539
4.36846, -3.28561
-0.646268, -2.04705
-0.654907, -2.04182
0.703576, -2.37803
-1.53154, -1.86436
1.09302, -2.48362
0.508785, -2.34877
-2.98276, -1.4889
-3.62447, -1.32658
-1.75556, -1.78871
-0.662168, -2.0571
-2.09739, -1.70344
2.08313, -2.7379
-1.15001, -1.95844
-0.371332, -2.13848
-1.96945, -1.73708
-2.22854, -1.67837
0.405418, -2.32938
2.72893, -2.88608
-2.33455, -1.66987
-1.17784, -1.95442
-1.87175, -1.78414
-4.94019, -1.01613
-2.79435, -1.54793
-0.311299, -2.17679
0.53956, -2.38105
-2.89601, -1.54016
-1.49935, -1.8859
-4.4871, -1.10537
4.34146, -3.34685
-4.61801, -1.11466
-4.92622, -1.06833
4.08538, -3.29366
-1.13025, -2.01277
-2.29679, -1.71612
-0.161649, -2.25993
2.99549, -3.02345
-3.04626, -1.52997
2.49335, -2.87921
-4.80124, -1.13974
3.18255, -3.0927
3.49374, -3.17164
-3.41558, -1.47437
-0.549418, -2.17901
2.02388, -2.82
-0.968378, -2.07067
-4.4325, -1.25664
1.06151, -2.56669
-0.249045, -2.24555
1.99731, -2.81337
-1.14927, -2.03782
-0.500963, -2.19346
-3.78229, -1.38265
-1.23272, -2.01304
-0.282231, -2.24935
4.16376, -3.34406
1.48185, -2.70771
2.73099, -3.00347
2.21018, -2.8714
-1.41887, -1.98598
-0.0580807, -2.3221
0.908407, -2.56027
-1.12512, -2.05914
-4.20566, -1.32528
-3.37173, -1.51408
-2.09824, -1.81817
3.84712, -3.28608
-2.99234, -1.60576
-0.276123, -2.26238
-2.72111, -1.68514
4.44508, -3.44048
-2.44711, -1.7503
-1.50181, -1.98531
-0.744673, -2.17161
0.667151, -2.52338
2.28022, -2.91678
-1.56757, -1.99104
3.70892, -3.26444
-1.527, -1.9892
1.15267, -2.66121
1.6729, -2.78739
1.01158, -2.62241
3.76424, -3.3086
2.36631, -2.95085
0.0448768, -2.38252
-1.04445, -2.11989
-2.63985, -1.72652
-2.74289, -1.68222
-3.52882, -1.50571
0.359097, -2.46478
-3.12716, -1.63711
3.23783, -3.21568
-0.850641, -2.18348
-0.242719, -2.34518
-1.36656, -2.07725
2.807, -3.1022
3.39141, -3.24389
1.38778, -2.75001
0.580453, -2.55492
-2.49876, -1.80215
-0.336855, -2.32557
-0.849938, -2.20614
-0.23383, -2.3577
2.18365, -2.97148
-1.68152, -2.00779
-3.06933, -1.66757
-4.27826, -1.37475
1.71997, -2.85825
-1.00872, -2.18286
-2.3525, -1.85183
-4.89751, -1.22769
-2.2183, -1.87984
-2.54234, -1.81341
-2.54345, -1.81337
-2.84875, -1.74492
1.99174, -2.93936
-0.664969, -2.29251
3.82268, -3.39456
4.14641, -3.46693
2.61342, -3.082
-4.56847, -1.32384
-2.61564, -1.82179
3.38803, -3.30103
1.53249, -2.85735
-4.93497, -1.27034
2.30616, -3.04177
1.79953, -2.92134
-1.30243, -2.16574
2.93111, -3.17491
-3.37581, -1.64888
2.13089, -3.01358
-2.5334, -1.86409
-2.6862, -1.82623
2.46544, -3.08366
-2.44214, -1.8994
0.0605068, -2.50021
3.67953, -3.38616
2.8026, -3.19077
2.50465, -3.11353
0.723905, -2.70854
-4.94413, -1.28639
2.24147, -3.05328
4.26907, -3.60747
-0.04759, -2.48911
-1.9261, -2.02859
2.64021, -3.1697
2.40221, -3.1056
2.52226, -3.15819
-0.203742, -2.46109
2.59421, -3.15416
-5.25889, -1.20808
-0.128797, -2.5087
-1.45872, -2.16403
3.19449, -3.30952
-3.60637, -1.6208
-0.456984, -2.42686
-5.16969, -1.25779
3.27838, -3.3385
-2.31291, -1.96274
0.265315, -2.60297
-0.926278, -2.34194
-0.223835, -2.49555
-1.09551, -2.28728
-4.56877, -1.42575
-2.83315, -1.86961
-2.42641, -1.97198
-0.496538, -2.45779
-0.364113, -2.48327
0.270673, -2.63827
-0.750276, -2.38316
-1.96768, -2.12241
-0.183027, -2.52975
-3.5573, -1.68953
-1.00396, -2.32862
1.63171, -2.97982
-1.25347, -2.27658
2.36803, -3.18937
4.23245, -3.63928
3.8244, -3.53491
2.86118, -3.30684
-2.70056, -1.94128
-1.27429, -2.29559
2.43414, -3.21922
1.76981, -3.03464
-0.161852, -2.58478
-1.06373, -2.3575
1.48586, -2.97855
-3.76448, -1.6899
3.934, -3.58112
3.48624, -3.46055
0.334028, -2.73351
-3.11018, -1.87297
-4.08908, -1.61452
2.25309, -3.17942
-0.852653, -2.42524
3.29073, -3.41069
-4.82237, -1.43868
-1.45283, -2.28497
-4.92302, -1.40993
-3.57213, -1.75374
-4.57039, -1.51261
-0.380334, -2.53036
-4.21677, -1.58336
2.0749, -3.15706
-0.541844, -2.51906
-0.378579, -2.56109
0.747528, -2.83835
-4.75396, -1.48365
-1.63929, -2.24828
2.19261, -3.19618
1.56263, -3.03604
3.49675, -3.51431
-2.08677, -2.14166
-2.31648, -2.08893
4.13316, -3.67993
0.348752, -2.74172
-2.57354, -2.07209
2.71791, -3.32745
-1.78179, -2.23367
0.978462, -2.90188
-1.15397, -2.38649
1.38134, -3.01592
-0.784672, -2.48402
1.06051, -2.94348
-3.35379, -1.85649
0.476541, -2.7958
-2.39159, -2.08465
2.0579, -3.2046
3.04548, -3.44366
1.38805, -3.04384
1.63807, -3.11444
-0.785462, -2.55209
-4.28973, -1.67225
1.33032, -3.06716
0.146941, -2.75276
-1.6797, -2.30252
2.12846, -3.2426
3.70871, -3.64217
0.0863931, -2.74635
3.12393, -3.51771
-1.37271, -2.39731
-5.02131, -1.50224
2.40574, -3.33748
-1.231, -2.44976
-2.95918, -2.0214
-4.43016, -1.64387
3.81852, -3.68526
1.14358, -3.02769
-4.13991, -1.72087
4.07666, -3.77595
-3.14924, -1.97161
3.64881, -3.68848
-1.6173, -2.3558
0.727267, -2.93406
0.484264, -2.89278
-4.9946, -1.52328
-2.11591, -2.24718
2.27637, -3.32693
-3.24494, -1.96423
-3.57843, -1.8958
2.42802, -3.36664
-1.57645, -2.37633
3.97559, -3.74821
3.59644, -3.63723
2.72432, -3.44234
-2.93911, -2.06073
-3.71157, -1.85827
3.99755, -3.76553
-0.42489, -2.68499
3.34696, -3.58615
2.39545, -3.37095
2.61436, -3.42224
-0.268206, -2.73493
-0.210854, -2.7375
4.13571, -3.78728
2.94745, -3.51196
-4.47823, -1.684
-5.24338, -1.47246
-0.400017, -2.69487
-2.11526, -2.27636
3.56595, -3.66449
-1.83394, -2.33391
0.811091, -2.99757
0.879631, -3.01526
-1.47445, -2.43587
2.60689, -3.4354
-1.38599, -2.46015
4.33166, -3.86831
2.25418, -3.33324
-5.21155, -1.53923
1.65668, -3.21612
2.08596, -3.32449
-4.66046, -1.65728
-3.71454, -1.90276
2.87153, -3.52009
-4.68185, -1.6677
3.51059, -3.67953
0.978852, -3.05511
-1.33238, -2.48746
-2.08779, -2.3052
-3.18515, -2.04616
-2.44987, -2.21611
3.40685, -3.66902
-3.73011, -1.9042
1.8021, -3.27624
0.899878, -3.07069
-2.3468, -2.25211
-3.48631, -1.97628
-4.37946, -1.76343
-5.16443, -1.56324
2.99572, -3.58081
3.20665, -3.59752
-3.79145, -1.90544
-2.94646, -2.12277
2.82901, -3.54702
-1.72094, -2.44043
4.33738, -3.91469
-1.76104, -2.42378
-1.26126, -2.55957
-2.3946, -2.27087
-0.385404, -2.76352
-4.19374, -1.82176
4.23316, -3.93245
4.09034, -3.87436
-1.81294, -2.41504
2.74483, -3.53975
-2.92918, -2.14226
3.63272, -3.76274
1.01082, -3.10588
-3.8277, -1.91953
0.248294, -2.94496
2.52357, -3.48292
-0.020698, -2.87063
3.80919, -3.82191
-3.72922, -1.98164
1.53847, -3.25643
-4.41797, -1.7915
1.8271, -3.33574
-4.45081, -1.79317
2.17009, -3.46091
2.33651, -3.47029
3.8422, -3.85147
-3.18155, -2.11503
-1.19918, -2.60856
2.15044, -3.42596
-3.57601, -2.01946
2.51988, -3.52977
-4.81352, -1.72651
1.72543, -3.33763
-3.20345, -2.13071
2.19131, -3.45737
2.5733, -3.5536
-2.39618, -2.33203
-2.07032, -2.4391
-5.28641, -1.61908
1.61335, -3.32619
-1.3815, -2.58615
-2.03769, -2.44157
1.11558, -3.21621
0.875171, -3.15402
-1.01903, -2.68057
-4.43573, -1.83517
2.36245, -3.52177
-3.46238, -2.08493
-2.71131, -2.25992
-0.796798, -2.76384
-1.60191, -2.54788
-4.69086, -1.78369
-4.32659, -1.87932
2.76158, -3.60972
-0.632421, -2.80653
2.43258, -3.54947
-1.25283, -2.64582
1.6678, -3.38515
0.878448, -3.20026
-0.0684892, -2.96187
3.20041, -3.77512
1.06498, -3.24333
1.71165, -3.40608
-2.57817, -2.33894
0.147318, -3.0165
2.32811, -3.55577
-2.31145, -2.41888
-3.42536, -2.16109
-4.99776, -1.75335
-2.07405, -2.51105
-1.7167, -2.5969
-0.933044, -2.78455
4.01794, -4.00029
3.0174, -3.75749
1.56334, -3.42024
2.55424, -3.65585
-2.78171, -2.33716
-2.51646, -2.41233
2.30748, -3.59684
1.3413, -3.36803
-4.05603, -2.03552
-0.272664, -2.97636
-3.81999, -2.15604
-3.12553, -2.26418
-2.66149, -2.37513
2.48802, -3.65855
-4.8709, -1.84145
2.59581, -3.70058
-5.06972, -1.79162
1.60723, -3.44745
-2.12596, -2.52139
2.43725, -3.65772
1.91065, -3.52459
1.00542, -3.30829
-1.63098, -2.64954
0.927764, -3.31183
-2.44053, -2.46696
-4.48951, -1.96425
0.766082, -3.26899
1.8434, -3.54399
-1.60381, -2.69732
-5.17076, -1.77651
-2.46313, -2.46978
-5.32065, -1.77055
0.42084, -3.18519
0.0615761, -3.1351
0.990472, -3.35003
4.16565, -4.11932
2.76263, -3.78206
-0.544166, -2.96765
2.24893, -3.66057
-2.77715, -2.42433
-5.18598, -1.81925
-2.68748, -2.44363
2.61738, -3.75331
1.74108, -3.56238
-0.51613, -2.98936
2.28532, -3.67483
-0.26574, -3.06449
2.77204, -3.79929
-4.10323, -2.10694
-5.02633, -1.88499
-3.85314, -2.18569
-2.36326, -2.53169
-4.75896, -1.9631
-3.3863, -2.3069
-4.16376, -2.11518
-2.17768, -2.62231
1.02702, -3.41087
0.241001, -3.20768
1.96827, -3.60982
2.18921, -3.71669
3.69762, -4.06825
1.34533, -3.49348
1.47396, -3.52991
3.16229, -3.93943
-4.18988, -2.1193
0.468675, -3.28567
-0.0871478, -3.14704
-2.58345, -2.52857
1.65264, -3.58635
4.09113, -4.18234
2.60057, -3.82945
3.45652, -4.03949
2.64822, -3.82443
-5.36616, -1.85525
0.875774, -3.40565
-1.34332, -2.85656
0.750532, -3.3775
-3.22536, -2.39736
3.04134, -3.94663
-4.2976, -2.13523
-3.34531, -2.36967
-4.44964, -2.09305
-3.50452, -2.342
-5.05142, -1.9549
0.946588, -3.46562
-3.70648, -2.28023
1.70169, -3.6316
-4.12474, -2.18187
-0.389306, -3.11452
-0.837716, -3.01673
-2.72637, -2.54001
-4.8294, -2.02166
0.658642, -3.41103
4.03649, -4.21629
1.86293, -3.68899
-1.96791, -2.74782
-4.07168, -2.21793
2.0561, -3.74669
2.26466, -3.77964
-2.35549, -2.64831
2.40533, -3.82935
-0.171538, -3.20733
2.4957, -3.8614
0.736025, -3.45212
0.506198, -3.36725
1.10897, -3.52114
-1.37315, -2.91443
0.286623, -3.31768
-1.39377, -2.91068
1.73599, -3.67505
-0.457647, -3.1236
3.24145, -4.05085
-3.34948, -2.43147
-1.63226, -2.86166
3.60155, -4.15386
-4.32207, -2.2153
-2.38982, -2.69165
2.76605, -3.95755
0.625256, -3.4416
3.7192, -4.19797
-3.8022, -2.35115
-1.42264, -2.93989
3.90646, -4.26225
-4.11415, -2.27755
-0.67154, -3.12514
-0.73176, -3.12556
-1.06945, -3.02928
1.11855, -3.57316
0.0944212, -3.33245
-4.6427, -2.15555
-2.91792, -2.59218
3.99103, -4.2921
3.534, -4.1741
-3.27957, -2.4938
1.52207, -3.6983
1.0031, -3.56907
-3.59942, -2.43504
-1.75902, -2.89689
2.82991, -4.02034
-1.4047, -2.98862
-0.419698, -3.20586
-4.84035, -2.12679
-3.2216, -2.53427
-4.57279, -2.1951
-1.66137, -2.90388
-0.578329, -3.18989
-4.96106, -2.11081
0.753098, -3.53647
-0.878118, -3.10798
-1.80449, -2.88687
-3.95802, -2.358
0.828975, -3.54989
-1.98867, -2.85242
-1.67363, -2.90281
0.165963, -3.39554
-0.875206, -3.12723
1.34571, -3.68352
-0.393585, -3.25619
-0.0938614, -3.3586
-0.486813, -3.24811
3.34435, -4.17152
-1.99432, -2.86607
0.899303, -3.59199
-1.69991, -2.94476
-0.737634, -3.18691
-1.55598, -2.9635
4.14423, -4.37722
-2.50184, -2.75475
-2.56848, -2.74294
-2.68361, -2.71594
1.62805, -3.78717
0.628904, -3.53798
-4.27246, -2.32505
-1.39113, -3.02826
4.14189, -4.40244
-0.566805, -3.24708
-3.47606, -2.51774
-2.83892, -2.68175
-3.54566, -2.49899
-3.97661, -2.37133
2.57917, -4.01681
2.79781, -4.07679
-5.1246, -2.12236
1.05713, -3.6441
1.54906, -3.78175
2.09665, -3.90314
-1.84856, -2.95761
-1.85018, -2.92923
-5.02418, -2.14858
-3.60032, -2.50061
2.86371, -4.09785
0.405491, -3.49724
2.16878, -3.95315
2.46108, -4.02353
3.55627, -4.28157
-1.68154, -3.00288
2.03438, -3.92919
3.73318, -4.33161
-2.63763, -2.76835
1.35174, -3.75264
0.11975, -3.44398
-0.840144, -3.21933
-1.09671, -3.17271
2.05918, -3.95556
0.229971, -3.51035
0.693522, -3.62192
-4.02678, -2.44853
3.58553, -4.30824
3.40178, -4.28157
-0.995569, -3.19974
-1.63719, -3.0094
3.70245, -4.36099
-4.58982, -2.29392
3.48032, -4.30757
-0.318016, -3.37411
-1.22146, -3.16614
-2.20706, -2.91098
-3.54962, -2.57837
3.87906, -4.42174
-4.80137, -2.27782
-4.37334, -2.3855
-3.67704, -2.57463
-0.462387, -3.35142
1.79839, -3.91542
-3.45878, -2.61112
-0.992877, -3.23266
-2.07566, -2.96093
-3.89063, -2.50395
0.527489, -3.60556
-4.60545, -2.3314
1.45208, -3.83455
2.62939, -4.12397
0.296986, -3.57433
3.22981, -4.28389
-0.682116, -3.32251
-4.37318, -2.41808
-2.62197, -2.84846
-3.96413, -2.50804
4.15808, -4.51456
-1.98629, -3.01879
-1.08184, -3.24307
3.14731, -4.28626
-1.27038, -3.19873
4.20797, -4.52865
-1.5594, -3.13998
-0.391369, -3.43224
-1.6498, -3.11989
-1.65388, -3.11816
2.41533, -4.12962
1.28431, -3.84992
-1.87902, -3.0758
-4.91909, -2.31956
1.24765, -3.83923
0.980891, -3.7654
-5.28192, -2.22226
4.14735, -4.55575
1.87131, -4.02297
4.16147, -4.60672
2.65678, -4.20139
-0.281658, -3.48034
-0.091131, -3.52607
-4.59393, -2.42744
-1.42246, -3.20795
1.26332, -3.87222
-3.92505, -2.59748
-2.52926, -2.94315
-2.81874, -2.87488
-4.13269, -2.54224
-3.62686, -2.67831
3.00014, -4.31509
3.95881, -4.55208
-2.14438, -3.05033
-0.542177, -3.44546
2.49217, -4.2048
-1.32903, -3.25552
1.94685, -4.06744
-3.57353, -2.71496
3.38937, -4.44064
2.17032, -4.17176
-4.45731, -2.49865
-3.84129, -2.65807
1.18333, -3.90192
-2.97116, -2.87973
4.13473, -4.62313
-3.46894, -2.76316
-4.04486, -2.61046
-1.22371, -3.3141
-3.39225, -2.78175
2.59964, -4.25556
-0.574268, -3.48003
0.177066, -3.66527
2.70933, -4.29201
-4.28243, -2.56845
-0.266952, -3.55439
0.484605, -3.75993
-3.2286, -2.84744
-1.8143, -3.18224
0.205815, -3.6771
-4.52075, -2.53295
3.53832, -4.49733
-2.66649, -2.97689
-0.204783, -3.58135
2.09648, -4.15416
-1.63785, -3.22982
3.95496, -4.61042
-2.56965, -2.99422
-1.14443, -3.3662
-4.20778, -2.60202
-2.76999, -2.96648
1.40795, -3.98251
-1.7233, -3.22978
1.87701, -4.13631
-1.82165, -3.19829
-0.43179, -3.54683
-4.92544, -2.41204
1.45355, -4.01169
-1.18688, -3.37462
0.284552, -3.73947
-5.45291, -2.3195
-2.61828, -3.04246
-3.29276, -2.86914
0.50825, -3.80666
-3.52032, -2.80676
-4.7998, -2.49234
0.29181, -3.75828
2.2949, -4.24515
-2.04019, -3.19048
1.24278, -4.00062
2.76999, -4.38934
-3.81311, -2.75422
-2.3079, -3.11867
3.72339, -4.58918
-3.62012, -2.80203
4.12742, -4.70777
-5.01309, -2.44824
1.91899, -4.18572
-3.73863, -2.78939
-4.76153, -2.52669
0.843582, -3.92005
-0.745493, -3.52833
-3.2177, -2.92324
0.172829, -3.75383
3.50683, -4.57404
2.19374, -4.26246
-3.54774, -2.84082
-1.82465, -3.28417
0.237954, -3.76885
-2.25217, -3.16872
-0.0174614, -3.7307
-1.96471, -3.24901
-1.72354, -3.31162
-5.18728, -2.45038
-3.11805, -2.96228
3.06048, -4.45815
-2.00246, -3.22653
1.71451, -4.15789
3.5409, -4.59195
-4.55793, -2.62087
-4.33023, -2.67655
-2.6591, -3.06695
2.74377, -4.42586
2.91429, -4.45769
-0.87208, -3.5314
-3.76409, -2.81744
1.66926, -4.15878
1.14132, -4.02931
-5.48953, -2.40056
-2.66287, -3.11031
0.269733, -3.82155
-3.58572, -2.87469
-3.69592, -2.85543
-0.11409, -3.73729
0.23936, -3.82701
-2.06652, -3.271
-4.86101, -2.5547
2.68352, -4.43219
-2.26472, -3.21305
3.78256, -4.70308
-0.545093, -3.68282
3.14716, -4.55047
-1.0911, -3.51559
-1.55388, -3.40371
-5.25962, -2.48508
-2.44445, -3.18872
1.72909, -4.22388
3.18146, -4.57707
3.4412, -4.62865
1.1553, -4.0841
2.8311, -4.49831
2.34957, -4.37971
1.55453, -4.18618
-4.96706, -2.58171
-5.45708, -2.45718
3.49475, -4.69879
-0.00302295, -3.79545
-1.56813, -3.42073
3.10276, -4.6407
-4.71607, -2.66287
-3.97312, -2.84342
-3.17244, -3.04416
1.89711, -4.30742
0.946188, -4.06253
-0.835135, -3.63301
3.00434, -4.58254
2.51498, -4.46568
-4.2061, -2.81195
1.49828, -4.23096
-5.47789, -2.47588
1.10489, -4.11598
-4.36865, -2.77279
-1.2335, -3.56112
-2.841, -3.15884
3.03547, -4.59639
4.00228, -4.84194
2.19055, -4.40167
3.77226, -4.78304
-1.33045, -3.53916
1.1993, -4.17652
-1.74484, -3.43387
-2.63587, -3.22472
3.50283, -4.74128
-3.67037, -2.97536
-4.11662, -2.86449
0.951458, -4.11932
-5.46195, -2.53681
3.86645, -4.82967
0.348164, -3.96701
-4.91064, -2.67528
-1.6355, -3.48533
-0.433135, -3.76544
-4.58532, -2.7595
-5.13505, -2.6088
3.67948, -4.79884
0.270264, -3.95114
-2.56706, -3.28142
0.0511523, -3.92785
0.12268, -3.93324
0.0655617, -3.92389
-1.63411, -3.50952
-4.4246, -2.82284
-5.09612, -2.65692
2.16679, -4.44842
-3.64477, -3.0185
-4.08084, -2.91137
1.80883, -4.37393
2.26835, -4.5217
-1.95332, -3.45532
-2.74478, -3.26215
-1.49516, -3.59451
0.235203, -4.00401
-1.18963, -3.65906
0.791093, -4.15262
-0.525665, -3.82626
-0.304503, -3.84804
-2.54182, -3.33258
0.66722, -4.08012
3.51148, -4.82424
-0.170094, -3.92716
-4.48645, -2.85984
-3.19664, -3.19486
-2.52515, -3.35877
3.77113, -4.97104
-0.333752, -3.89347
1.46009, -4.34022
-0.650519, -3.82082
-1.06641, -3.71445
1.11201, -4.22334
-3.42689, -3.14565
-1.26443, -3.67605
-0.324789, -3.90811
0.780736, -4.17117
-3.72473, -3.08797
1.94254, -4.46904
1.2119, -4.28769
-5.20155, -2.7137
-5.16232, -2.72225
2.18782, -4.55135
3.52143, -4.86261
1.01305, -4.24117
-1.86653, -3.55673
-3.58201, -3.13086
-1.87557, -3.56519
-5.17558, -2.76678
-4.14075, -3.00407
-1.40304, -3.6848
3.83375, -4.96144
1.72156, -4.45961
0.802261, -4.22271
-4.50011, -2.91718
2.23118, -4.58623
2.6053, -4.67488
3.80293, -4.96156
-2.66494, -3.37791
-1.32256, -3.71517
-0.422831, -3.95142
-1.02281, -3.79482
-5.09049, -2.78583
-5.56761, -2.68383
3.4318, -4.90888
-2.78299, -3.37545
-5.41202, -2.7244
4.07386, -5.04968
-4.35649, -2.97791
4.05669, -5.03721
2.62249, -4.70078
-0.400115, -3.9634
-5.06085, -2.81158
-3.159, -3.27987
0.698962, -4.22908
0.599769, -4.21263
-3.68612, -3.15546
-4.52333, -2.95212
2.48546, -4.6825
-1.3874, -3.72513
2.87816, -4.79723
0.0745331, -4.09566
3.07671, -4.82298
-4.33101, -3.02189
1.2334, -4.38914
3.98506, -5.05117
-3.02694, -3.33523
0.156622, -4.12467
-0.45627, -3.97665
-5.51193, -2.72636
-5.12746, -2.82058
0.329005, -4.17025
4.07005, -5.09214
-0.358345, -4.01135
-2.37769, -3.51144
-3.27603, -3.29029
-0.980586, -3.86896
1.04706, -4.36236
-0.898101, -3.88511
-4.10006, -3.08757
-0.737433, -3.92166
3.48, -4.96198
-0.969117, -3.87765
1.43898, -4.45552
3.63042, -5.01299
-5.01251, -2.87569
0.633184, -4.28531
-0.315418, -4.04029
-3.65391, -3.2189
-3.38483, -3.28244
2.00317, -4.61283
3.68339, -5.02179
-0.659514, -3.96118
-3.38284, -3.29241
0.828322, -4.32948
-3.36841, -3.30183
-1.94491, -3.66247
0.852518, -4.33814
-5.32948, -2.82775
-2.56471, -3.50495
0.969932, -4.37429
0.314307, -4.20116
-2.04821, -3.6182
0.707629, -4.3071
-5.30026, -2.84877
3.76939, -5.07582
1.49046, -4.5113
-1.57632, -3.75754
3.51307, -5.00228
1.31025, -4.46614
-2.35862, -3.57098
-5.27421, -2.89506
0.246986, -4.21213
-3.04194, -3.40072
0.848445, -4.36199
0.425652, -4.27037
-0.375322, -4.07186
-5.25546, -2.86749
-0.723352, -3.99528
3.84504, -5.13647
-4.33857, -3.12678
3.30841, -4.99829
-0.34194, -4.08924
0.59622, -4.33681
-0.659028, -4.01718
1.12405, -4.47569
-1.02781, -3.94665
-1.29319, -3.88949
0.644055, -4.37102
3.58567, -5.09238
-1.56686, -3.82538
1.89763, -4.69373
3.3479, -5.03294
-2.43842, -3.6188
0.989206, -4.4502
-4.17396, -3.19154
-2.57591, -3.57639
1.48319, -4.58594
0.397383, -4.31977
0.0913607, -4.27271
-4.06164, -3.22497
0.139469, -4.25889
0.498916, -4.34838
0.4831, -4.37084
-1.41516, -3.88688
3.43111, -5.09669
-3.89459, -3.2799
-0.785783, -4.05809
-4.27492, -3.21327
-0.521047, -4.11144
0.209685, -4.31241
1.90394, -4.72121
-3.00882, -3.51287
0.875818, -4.47494
0.779833, -4.46082
-1.1183, -4.01269
0.968185, -4.51179
-0.0820526, -4.26848
0.958083, -4.50869
0.29996, -4.3514
2.84418, -5.00207
-4.12207, -3.26043
-3.88642, -3.31983
-1.06468, -4.0312
0.322004, -4.37913
2.40487, -4.88356
3.61905, -5.18384
-4.1707, -3.27131
2.29908, -4.85905
1.0274, -4.49579
-0.328802, -4.22629
-1.06096, -4.04544
-3.37525, -3.46993
1.17458, -4.61067
2.90486, -5.02821
3.73873, -5.24062
-5.34785, -3.03385
-4.9298, -3.09867
-0.703643, -4.16653
3.33604, -5.14523
2.32912, -4.95104
1.2353, -4.63821
3.50456, -5.19577
3.56831, -5.20662
1.8962, -4.80138
0.821493, -4.54344
3.86241, -5.28428
2.67193, -4.96995
-3.9565, -3.36691
3.56227, -5.236
3.83714, -5.30551
-4.25936, -3.29498
-5.18746, -3.06373
-0.683434, -4.18912
1.01903, -4.611
-0.994206, -4.11876
-4.45128, -3.25981
-0.654471, -4.19611
3.18538, -5.14739
-0.438809, -4.27087
-2.14658, -3.85694
3.00389, -5.1097
-5.4726, -3.0227
-4.50891, -3.26468
-0.582432, -4.23136
-2.03736, -3.87962
-4.09203, -3.37817
-4.92531, -3.18639
-3.90214, -3.42368
-4.01206, -3.3983
-2.2798, -3.80419
-1.62729, -3.99017
-3.7689, -3.45875
-2.31541, -3.84221
2.54045, -5.03279
0.935127, -4.64526
-1.7802, -3.95998
-3.80958, -3.46136
-0.50728, -4.28244
-0.0613582, -4.44593
-0.483192, -4.28621
0.287742, -4.47309
2.2308, -4.95624
0.907958, -4.63316
-4.06257, -3.41062
1.88007, -4.8817
-3.2848, -3.60204
-1.35307, -4.09324
-2.99776, -3.68605
-0.525498, -4.2989
3.75172, -5.36678
-4.74708, -3.25757
-3.77808, -3.51823
-3.91684, -3.48633
0.910531, -4.6239
-1.10084, -4.16854
-3.59656, -3.55231
-0.207749, -4.38504
-5.66386, -3.0332
2.76565, -5.13108
1.32853, -4.77261
0.013217, -4.45302
0.393118, -4.55322
-4.92046, -3.25636
-4.55336, -3.34807
-1.87975, -4.01717
2.84405, -5.17073
0.901925, -4.68823
2.92752, -5.18819
-4.80145, -3.2712
-3.61171, -3.58671
-4.22294, -3.43068
0.725283, -4.65958
-4.62569, -3.33945
-4.27755, -3.43184
-5.73544, -3.07843
-3.8016, -3.57161
-3.21435, -3.71272
-2.68824, -3.83844
0.680508, -4.67123
-0.557361, -4.3689
3.73885, -5.43332
-1.35821, -4.17293
1.7545, -4.95488
-2.0498, -4.01382
-3.00682, -3.81801
-4.80921, -3.33543
-2.44043, -3.92406
-2.92091, -3.80366
-0.744053, -4.34472
0.714852, -4.70368
-1.87643, -4.06628
1.908, -5.0082
-2.78299, -3.8418
-5.54766, -3.16279
0.801897, -4.73811
1.17632, -4.82538
-1.60844, -4.1534
-4.52734, -3.41944
-0.484753, -4.41898
2.86604, -5.25546
-1.41148, -4.2018
3.13858, -5.31781
-2.27461, -3.99128
-3.70063, -3.6391
1.46181, -4.90755
-0.549035, -4.4244
1.12203, -4.83309
0.218457, -4.60605
-0.940317, -4.32864
-3.48281, -3.71178
1.17012, -4.85169
2.10094, -5.07839
1.62314, -4.96733
-4.34392, -3.49589
-0.826899, -4.36302
-3.0329, -3.82279
2.61446, -5.21744
-4.44732, -3.48145
-3.15112, -3.79398
-2.16703, -4.0371
-3.96837, -3.59679
0.0551819, -4.61043
-4.17292, -3.5715
1.35902, -4.91335
-3.55, -3.70413
-3.24347, -3.78955
0.147072, -4.62622
-4.55382, -3.46491
-5.76059, -3.14102
-0.3842, -4.51325
