-1.04809, 5.55322
0.0997759, 6.28265
-3.81512, 3.75792
-3.52023, 3.93563
-0.0626304, 6.17095
0.965922, 6.83275
-4.87159, 3.07421
1.68567, 7.28233
-1.62754, 5.15812
-2.39757, 4.66176
-5.82124, 2.42255
-1.73761, 5.07755
-4.51425, 3.27196
1.59701, 7.2107
-4.14027, 3.55927
-2.83542, 4.35691
-1.1572, 5.43392
-3.36684, 4.01546
-3.38684, 3.99041
-5.6814, 2.58635
-4.08751, 3.49318
-3.17603, 4.11946
-1.59787, 5.13261
-2.44292, 4.6237
1.79658, 7.29788
-0.505885, 5.83536
-5.41617, 2.66562
-1.42959, 5.2352
-4.06686, 3.53414
-0.698557, 5.71472
-2.58267, 4.48843
1.28332, 7.01065
0.679816, 6.58697
-5.76708, 2.44215
1.51103, 7.12162
-2.58842, 4.48498
-6.46817, 1.98566
-0.846298, 5.60411
-1.7446, 5.02215
-1.57165, 5.13201
0.31148, 6.35242
0.26813, 6.319
-6.50242, 1.93395
1.59102, 7.15243
-4.7499, 3.07237
-6.12377, 2.22037
0.00311306, 6.13054
1.30571, 6.97645
-0.722617, 5.65727
0.536434, 6.48769
-3.81373, 3.66263
0.0694366, 6.1845
-1.21053, 5.34072
-2.4256, 4.56229
1.12831, 6.8349
-5.53877, 2.54405
0.0506154, 6.16936
-1.14457, 5.37953
-5.96753, 2.25441
-4.43546, 3.25203
1.10178, 6.80695
-4.82855, 3.01163
-1.08702, 5.40463
-2.36054, 4.59309
-4.45936, 3.21838
-4.92433, 2.92298
-1.86211, 4.89156
1.56113, 7.08492
-4.84682, 2.96484
1.34306, 6.94551
-0.304716, 5.89125
-0.96746, 5.46102
-2.92935, 4.21445
-5.85455, 2.2981
-5.33063, 2.63588
-3.18284, 4.04707
-5.70623, 2.3979
-3.72954, 3.66053
-5.11746, 2.7668
-1.51547, 5.08154
-3.33284, 3.91342
-4.79177, 2.9598
-1.30958, 5.21522
0.479145, 6.35784
-4.68985, 3.00933
-1.71564, 4.93472
-1.18931, 5.27683
-3.74598, 3.61889
1.67831, 7.10296
-0.127452, 5.9352
-4.44746, 3.15222
-0.680157, 5.58677
-1.05532, 5.34301
-2.51526, 4.42838
-3.1431, 3.99772
-6.12516, 2.06318
-6.1786, 2.01241
0.292051, 6.2073
-2.91542, 4.13771
-5.63411, 2.36636
-0.956105, 5.37849
-5.82643, 2.24627
-6.28935, 1.95358
-0.344574, 5.78167
-5.19766, 2.64718
-0.804329, 5.47802
-2.76814, 4.22694
-4.33102, 3.19031
-1.77164, 4.84988
-3.27861, 3.87673
-2.71045, 4.2408
0.0305174, 6.00366
-2.19751, 4.59502
-5.81099, 2.22083
-6.25503, 1.93832
0.992486, 6.61052
-5.25516, 2.61343
1.55478, 6.96784
1.30863, 6.79393
-2.79025, 4.16836
-3.49135, 3.70347
-1.31884, 5.11357
-4.9291, 2.77867
1.4551, 6.89129
-5.0191, 2.72822
-1.81251, 4.77581
0.318263, 6.15214
-3.29506, 3.81853
0.822796, 6.47048
1.34317, 6.81529
-3.14145, 3.91339
-3.04691, 3.97768
0.0662394, 5.98156
-3.40339, 3.7384
0.93774, 6.503
1.32316, 6.76962
-2.55766, 4.26886
-1.99255, 4.64637
-2.41045, 4.3656
-0.387306, 5.67109
-2.86873, 4.06255
-0.619884, 5.5074
-4.90084, 2.7779
-5.20476, 2.55398
-1.41458, 4.98767
-5.40096, 2.40989
-2.85903, 4.05121
-4.97335, 2.67698
-5.49842, 2.33091
-2.70668, 4.1298
-2.43716, 4.3017
1.05212, 6.55675
-4.14077, 3.20741
-0.332952, 5.67321
-3.57238, 3.59207
-1.1585, 5.12568
-1.29399, 5.04602
-3.18524, 3.81831
-3.08154, 3.88009
-3.44408, 3.64947
0.888233, 6.43172
-3.71811, 3.45993
-4.48154, 2.96013
-2.55855, 4.18729
-6.12741, 1.88454
-0.810774, 5.32892
0.548822, 6.20159
-2.56613, 4.17833
0.277371, 6.02122
-4.61987, 2.85142
-0.576342, 5.46819
-3.81137, 3.37176
-1.83708, 4.66613
-0.697328, 5.38207
-2.41207, 4.27002
-1.74042, 4.71782
-4.18295, 3.10875
1.94881, 7.07617
-2.5915, 4.1245
-4.06895, 3.18388
-1.42432, 4.89177
-4.09894, 3.17007
-2.92218, 3.92983
-2.92404, 3.91655
1.85547, 6.98902
0.612279, 6.18681
-0.758909, 5.30908
-2.07412, 4.4624
-4.75717, 2.72395
-2.07723, 4.46507
-2.40955, 4.23345
-6.10842, 1.83891
-4.72518, 2.73825
-5.52187, 2.27936
-6.14267, 1.83087
-4.65234, 2.78321
-0.64151, 5.36849
-2.39176, 4.23599
1.51757, 6.76127
1.47443, 6.73415
-2.15287, 4.38714
0.704219, 6.25281
1.77153, 6.9073
-4.48584, 2.87925
-5.53974, 2.19979
0.518983, 6.11347
0.178239, 5.90588
-1.74906, 4.64612
-3.78974, 3.33257
1.71135, 6.87809
-0.89304, 5.19158
0.484173, 6.08614
-4.58942, 2.7943
-5.18498, 2.39263
-3.20513, 3.68788
1.65769, 6.80926
0.111163, 5.82169
1.73871, 6.85304
-4.00098, 3.14641
1.84578, 6.90764
-2.40846, 4.18942
-4.2623, 2.98659
-6.27267, 1.69316
-6.31519, 1.65643
-5.5843, 2.12698
-2.56487, 4.07265
-2.01926, 4.41057
-1.34816, 4.84117
-5.63221, 2.08335
0.1144, 5.77991
-0.423193, 5.42527
-3.50364, 3.42604
-1.93092, 4.44972
-0.511767, 5.36768
0.274619, 5.86516
-3.90726, 3.15685
-4.95031, 2.48245
0.727885, 6.15098
-3.32832, 3.51816
-5.50738, 2.12851
-3.95513, 3.10896
0.50681, 5.97958
-5.83697, 1.89548
-4.96103, 2.46253
-4.18674, 2.97948
-2.0364, 4.35199
-6.12539, 1.6942
0.181959, 5.78321
0.769871, 6.12269
-4.54681, 2.71836
2.00837, 6.94505
-5.00815, 2.42703
-0.0942154, 5.58832
-1.05242, 4.9733
-4.42682, 2.81372
-1.62004, 4.60086
-3.10054, 3.63732
1.54502, 6.63191
-1.97984, 4.34517
-1.59742, 4.60438
0.126629, 5.72308
-0.308369, 5.42796
1.24635, 6.43927
-5.51534, 2.07136
-5.06523, 2.35436
-1.66596, 4.54405
-6.1159, 1.65839
-5.34266, 2.15566
-4.62908, 2.59972
-1.66413, 4.5312
-5.93433, 1.75071
-1.09966, 4.8861
-5.67917, 1.93117
1.62817, 6.63654
-6.06739, 1.69039
0.317556, 5.79288
1.68049, 6.64972
-0.388531, 5.32572
-4.19978, 2.85868
-4.70442, 2.54333
-5.17846, 2.22529
-1.45466, 4.64084
1.93705, 6.81085
0.907839, 6.1251
-3.93608, 3.01575
-6.16409, 1.57865
-4.66834, 2.53892
1.95003, 6.78309
-5.72235, 1.86766
-5.80325, 1.79979
-3.3511, 3.39109
-2.90296, 3.69314
1.07392, 6.23292
-3.67741, 3.16539
1.87959, 6.73951
-0.213878, 5.40529
-3.00549, 3.59529
-2.57505, 3.86158
-3.79313, 3.07564
-5.56005, 1.92656
-6.26473, 1.46124
-1.1997, 4.74832
0.682189, 5.95973
-5.61867, 1.89983
-0.601779, 5.13703
-4.69633, 2.48455
-1.99611, 4.2304
-2.73031, 3.75523
-4.54158, 2.56761
-2.54616, 3.84918
1.70837, 6.58719
-3.08237, 3.51634
-2.53956, 3.85724
-4.18696, 2.78537
-3.30537, 3.3471
-2.81274, 3.69372
1.12003, 6.20584
-0.547888, 5.13328
0.531482, 5.82673
-1.90256, 4.25071
-3.41035, 3.29207
-5.95738, 1.60149
-4.53143, 2.53012
-6.20081, 1.46231
-0.345961, 5.25715
-2.47199, 3.87042
1.46794, 6.40464
-0.216307, 5.313
1.45887, 6.38261
-2.67266, 3.7492
-5.90573, 1.62247
-0.890999, 4.88428
-2.34784, 3.91802
0.119799, 5.52512
-2.58496, 3.76127
-4.58369, 2.47217
0.219516, 5.57322
-3.51461, 3.16393
-1.26074, 4.61061
1.16344, 6.18324
-3.14687, 3.39252
-4.89928, 2.26841
-1.89425, 4.18978
-1.1661, 4.67527
-1.34635, 4.53158
-1.03487, 4.74058
-4.64481, 2.40552
-3.67377, 3.0344
-5.82431, 1.65057
-2.76708, 3.64127
-0.355459, 5.17341
-4.63162, 2.40489
-3.58722, 3.05821
-5.31075, 1.95507
-4.84705, 2.24806
-2.83997, 3.53893
-2.85197, 3.50405
-4.34437, 2.57505
-4.38581, 2.54677
-0.493513, 5.09533
-0.688583, 4.95377
0.205598, 5.52452
-3.54106, 3.08416
1.92661, 6.57485
0.437899, 5.6599
-4.98885, 2.15236
-2.90855, 3.49757
-3.25608, 3.2541
-3.88467, 2.84039
2.19593, 6.75361
-2.26217, 3.88726
1.44902, 6.28235
-3.94524, 2.79268
0.352252, 5.5649
-0.623163, 4.94464
-0.388549, 5.0858
-3.79726, 2.87701
-2.84958, 3.4932
-0.247619, 5.17586
-5.1266, 2.01934
-3.42202, 3.11992
0.155353, 5.43029
-5.09444, 2.04902
-5.54764, 1.73601
-1.64214, 4.26569
-4.72009, 2.26449
-4.17195, 2.63095
-3.84521, 2.82415
2.11958, 6.66843
-1.26744, 4.51125
-0.1749, 5.19857
0.409853, 5.57556
-0.394608, 5.0531
-1.37811, 4.40275
0.470699, 5.61087
0.135945, 5.40891
-5.22683, 1.91811
-5.15143, 1.96325
-1.71997, 4.19852
-3.31261, 3.15079
-5.37614, 1.80968
-5.4177, 1.79668
-3.81957, 2.8129
-0.948494, 4.67898
-2.75946, 3.48807
1.15974, 6.01753
-4.31982, 2.48205
-3.60458, 2.96363
-3.00482, 3.32696
-0.570341, 4.91882
1.16962, 6.00456
-2.53074, 3.62514
-5.15929, 1.92937
-0.500074, 4.94558
-3.36903, 3.08976
-4.43691, 2.37487
1.87867, 6.44814
2.04038, 6.55886
-1.88703, 4.02338
-4.57675, 2.2751
-4.4953, 2.3253
-4.43967, 2.35696
-6.09411, 1.28461
-5.34251, 1.77939
-2.91418, 3.34402
-0.827718, 4.69793
-0.135503, 5.14512
0.735507, 5.71623
0.678994, 5.67397
-5.39981, 1.69117
-2.5159, 3.59133
-2.84114, 3.38207
-0.580258, 4.85656
-4.50795, 2.29332
0.292686, 5.40865
0.821614, 5.7696
-2.61308, 3.51577
0.394545, 5.46868
-5.14189, 1.86599
2.20428, 6.60374
-5.89838, 1.36147
-2.45491, 3.60531
-0.830655, 4.63788
-3.01539, 3.22959
-5.16976, 1.81986
-5.16748, 1.82389
-3.34953, 2.98484
-3.09011, 3.1467
0.941657, 5.7411
1.15617, 5.89162
-2.35597, 3.62567
1.51921, 6.11075
-5.17171, 1.82992
-1.90746, 3.91497
-2.20646, 3.70138
0.60426, 5.53618
-2.87501, 3.25735
0.942333, 5.74074
1.43821, 6.05924
0.148556, 5.23085
-4.30199, 2.3401
-0.0170146, 5.11756
-1.16197, 4.37376
-2.51355, 3.49773
1.54995, 6.11134
-2.09471, 3.75827
-5.17862, 1.75701
-3.64189, 2.73136
1.67428, 6.18803
-3.79282, 2.64354
-3.95846, 2.53769
0.370871, 5.34064
-2.48053, 3.48604
-0.674426, 4.66562
-6.04629, 1.18184
-1.90913, 3.86325
0.1908, 5.2036
-1.5945, 4.04943
0.265258, 5.26716
0.723771, 5.54832
-3.02027, 3.16409
1.29892, 5.91388
0.199687, 5.23857
-1.58299, 4.05102
-3.05471, 3.12353
-5.26106, 1.65665
0.0317068, 5.08582
-0.837395, 4.52932
-0.280682, 4.90218
-0.155084, 4.97697
-4.26171, 2.30288
1.4765, 6.02298
-5.76354, 1.36076
0.636351, 5.47884
-2.35621, 3.5404
0.210344, 5.20952
-0.22579, 4.9169
-3.45484, 2.82094
-0.221419, 4.90781
-1.68501, 3.95229
1.19245, 5.82212
-1.53233, 4.0757
0.397696, 5.2891
-1.00361, 4.39742
-0.961556, 4.41225
-4.69412, 1.99112
-5.13262, 1.71237
0.922763, 5.60592
-4.08502, 2.37626
0.461513, 5.31903
-2.62439, 3.32232
-3.34806, 2.85718
-3.86418, 2.516
-2.42573, 3.45468
-0.557704, 4.65522
-3.31357, 2.86867
0.833128, 5.53926
-2.16923, 3.59895
0.663112, 5.43098
0.833609, 5.5555
-3.08284, 3.00503
-0.417831, 4.70877
-2.16543, 3.59205
-1.3974, 4.09069
-5.2311, 1.58565
0.322252, 5.20221
-4.86208, 1.84975
-4.63206, 1.98882
-2.19845, 3.56374
-5.16734, 1.64053
-1.89973, 3.75362
0.258789, 5.11597
-2.49353, 3.35579
-2.56644, 3.30905
-5.77953, 1.29032
-3.05173, 2.98225
-0.0541719, 4.93289
-3.839, 2.4903
-2.32674, 3.44667
-3.26267, 2.84713
0.554997, 5.31442
-1.32889, 4.10142
-4.81328, 1.84807
-1.32156, 4.0879
2.29901, 6.4254
-1.31133, 4.11446
-5.07881, 1.68519
-5.70032, 1.28798
1.88149, 6.16489
-4.28186, 2.13472
1.2404, 5.75386
-4.07821, 2.30152
-1.21292, 4.14834
-3.55617, 2.62848
-2.24922, 3.4746
2.05627, 6.2613
-4.84731, 1.82427
-3.17352, 2.90447
-3.55734, 2.58217
-2.13648, 3.53968
-0.652093, 4.50017
-2.46252, 3.32354
2.34562, 6.41331
-0.0123032, 4.90841
0.279993, 5.11646
-4.85175, 1.75042
-0.5775, 4.53727
-2.66548, 3.18301
0.821895, 5.42818
-2.67063, 3.15836
0.775576, 5.38594
0.479078, 5.19995
2.34596, 6.38986
-5.11715, 1.58296
-2.70367, 3.13293
-5.79051, 1.20893
1.13981, 5.62441
-1.5687, 3.86762
-0.61158, 4.49629
-4.59145, 1.90948
-3.94391, 2.32312
-3.97057, 2.29585
0.890064, 5.43369
-2.07302, 3.51273
1.73806, 5.99125
-5.09832, 1.54786
2.00394, 6.18011
1.80343, 6.02409
-3.27748, 2.73749
0.915921, 5.4527
-1.3712, 3.9603
-4.15413, 2.15309
-5.79681, 1.09074
-0.492845, 4.53231
-5.88798, 1.05654
2.00698, 6.13328
2.29474, 6.31132
-4.91976, 1.64677
1.94037, 6.08943
-3.88901, 2.29907
2.33285, 6.31336
-0.981191, 4.18805
-4.08648, 2.18237
0.282484, 4.9941
-1.95709, 3.55007
-4.88841, 1.63629
0.662978, 5.23397
1.48822, 5.78114
-2.54548, 3.15798
0.168252, 4.9133
0.058523, 4.83507
-3.11672, 2.77077
-4.85333, 1.67432
0.457811, 5.08907
-2.13056, 3.42036
-2.69849, 3.05222
0.958084, 5.41231
-0.128194, 4.71581
-0.228861, 4.64576
-1.35445, 3.91904
-0.149274, 4.70447
-1.63942, 3.73453
-1.12153, 4.06735
0.691956, 5.25444
-3.65451, 2.42299
-1.43405, 3.86552
-2.7249, 3.00654
-5.57921, 1.1753
0.207102, 4.9177
-5.82373, 1.00927
1.22175, 5.57522
-4.8397, 1.70596
-1.13582, 4.03372
-0.22337, 4.62817
-2.53168, 3.14209
-0.765137, 4.27427
-0.210398, 4.62885
-0.885582, 4.20235
-0.80103, 4.24321
-2.78077, 2.95237
-4.56187, 1.79754
-3.16525, 2.70719
-4.38976, 1.91168
-0.275378, 4.56339
2.36272, 6.28269
-5.21798, 1.38884
2.4433, 6.30818
0.0880675, 4.79383
-1.51337, 3.7557
-0.272866, 4.56766
-1.83194, 3.55136
-5.57433, 1.13555
1.96314, 5.98936
0.0403898, 4.75376
-4.83526, 1.58158
1.8783, 5.93446
-1.5173, 3.7376
1.18083, 5.47242
0.458142, 4.98931
2.16257, 6.09922
-2.42516, 3.1333
-3.04147, 2.74263
-4.32073, 1.90551
-0.388847, 4.43349
-3.86857, 2.19138
-3.06996, 2.73035
-5.0051, 1.45548
0.565527, 5.07832
-5.22111, 1.30647
-5.83087, 0.908229
2.34116, 6.18173
-1.74976, 3.56595
0.208086, 4.81195
2.03098, 5.98603
-4.04265, 2.0596
-0.611118, 4.28077
-0.408448, 4.38913
-4.98434, 1.44749
-4.04383, 2.06118
-5.63912, 1.02356
-4.82882, 1.51916
1.28377, 5.50478
1.91889, 5.90118
-1.59635, 3.63045
-1.64312, 3.61269
1.46001, 5.62438
-1.70396, 3.55622
-3.24438, 2.5515
-4.94211, 1.44355
-2.10889, 3.2897
-1.02955, 3.97335
1.75844, 5.78974
-1.83097, 3.47333
-5.6393, 1.00276
-4.89932, 1.47727
-3.72959, 2.22542
-4.28673, 1.86062
-3.13348, 2.62592
-4.1657, 1.9364
-2.1407, 3.2515
1.20686, 5.41529
-2.74434, 2.8506
-5.80766, 0.868759
-0.733525, 4.14442
1.81166, 5.77931
2.46843, 6.20719
-0.787694, 4.10605
-0.644371, 4.20071
1.5176, 5.59742
-3.07457, 2.62553
2.13443, 5.96246
-5.69815, 0.922536
2.26389, 6.05576
-3.59608, 2.2772
1.64795, 5.67297
-1.90799, 3.36093
-5.43827, 1.07768
1.99879, 5.87619
-0.33611, 4.36262
-5.73115, 0.918061
-4.32101, 1.78451
-1.2464, 3.77666
-5.224, 1.21103
-5.02507, 1.31087
-0.634884, 4.1666
2.32634, 6.07539
2.25685, 6.0378
-3.38429, 2.3827
1.08774, 5.27555
-0.865242, 4.00092
1.62089, 5.60235
-2.98887, 2.62872
-5.73822, 0.887477
-3.71554, 2.1238
2.35032, 6.04966
1.24989, 5.35884
-5.31464, 1.10191
1.96646, 5.80396
1.19809, 5.31377
-5.30086, 1.10389
1.92247, 5.76097
-2.43656, 2.96147
-3.29071, 2.39803
-4.93222, 1.34253
-1.38927, 3.62819
-2.16316, 3.11631
-1.463, 3.57517
1.33368, 5.38925
1.09766, 5.22723
-4.67667, 1.51754
1.86803, 5.72467
-3.863, 2.01836
-4.07393, 1.87505
-3.97032, 1.93948
2.05467, 5.83341
-4.25961, 1.76788
-0.620206, 4.10387
-1.68916, 3.41545
-4.09146, 1.85596
-2.17941, 3.09337
-1.61509, 3.45533
-5.20314, 1.13005
-2.27735, 3.02078
1.51985, 5.47385
0.288698, 4.65309
-5.26949, 1.07649
-2.79013, 2.68424
1.32194, 5.33339
-3.38751, 2.27537
-5.40465, 0.980237
0.781953, 4.97279
-1.83692, 3.28006
-1.89324, 3.24011
2.53267, 6.10141
-1.02678, 3.80496
2.019, 5.70436
-3.74957, 2.02743
-5.42865, 0.922635
0.485111, 4.76844
-0.290549, 4.26535
1.63657, 5.51311
-3.83418, 1.96382
0.811904, 4.95524
-1.13862, 3.70752
-3.26398, 2.32504
-5.07836, 1.16356
0.735767, 4.9077
-2.02278, 3.13901
-4.67157, 1.4087
0.146363, 4.52311
1.89249, 5.64
-4.16825, 1.70744
-2.64931, 2.7192
-2.27665, 2.96262
-4.65956, 1.41406
2.11828, 5.7831
0.990958, 5.07066
-4.42864, 1.5476
-1.1466, 3.68143
-4.37702, 1.57847
2.00818, 5.69977
-3.5294, 2.12592
-0.18016, 4.28173
-1.76501, 3.2454
-0.506221, 4.06723
-5.19257, 1.02358
1.54471, 5.38235
-2.90629, 2.49965
-3.10227, 2.38454
-5.02798, 1.12694
-2.77448, 2.62337
2.59048, 6.04733
-0.0876774, 4.3243
-0.419002, 4.09516
-2.6844, 2.62617
0.44457, 4.64084
-5.62189, 0.729006
-4.35263, 1.56041
-3.14713, 2.35889
-3.33343, 2.20522
-1.73278, 3.2393
-1.67637, 3.2584
-2.33559, 2.81221
-1.56891, 3.34342
-3.32807, 2.16783
-3.56211, 2.02805
-3.41995, 2.11985
-0.0562823, 4.29251
-1.74472, 3.20625
0.785768, 4.85193
0.606395, 4.7255
-3.17621, 2.25855
1.28027, 5.13986
-3.67188, 1.93407
-4.78794, 1.24985
-5.47378, 0.777875
2.63806, 6.00793
-3.2304, 2.23046
-2.35504, 2.79193
-2.83644, 2.48994
1.83893, 5.4972
-1.26357, 3.50182
-0.964425, 3.68468
-4.4077, 1.46067
0.989404, 4.96216
-1.31424, 3.45463
0.215931, 4.43592
-1.11221, 3.5819
-1.91042, 3.05659
-1.34235, 3.42403
-0.300146, 4.09969
-2.38453, 2.73286
2.26337, 5.74756
2.05476, 5.61014
-2.66467, 2.53644
0.741232, 4.739
-5.10187, 0.976018
-4.64035, 1.27588
2.12365, 5.62595
-4.22101, 1.53933
1.11512, 4.9975
0.957258, 4.88229
-0.10305, 4.20654
1.77373, 5.43292
-2.30492, 2.77588
-2.1963, 2.84227
-4.68881, 1.21397
-4.57965, 1.28463
0.932098, 4.86247
-1.32197, 3.39878
0.516523, 4.58476
-1.55248, 3.25199
-5.63128, 0.603212
-4.83022, 1.12147
-3.6839, 1.84981
-1.46241, 3.31311
1.65553, 5.31213
1.00831, 4.85683
-3.02489, 2.28063
-1.14782, 3.4959
-4.39225, 1.40397
2.22664, 5.66816
1.19946, 5.00701
0.976047, 4.85733
-4.56579, 1.26703
-1.80621, 3.04746
-1.3188, 3.34965
-5.31232, 0.77189
-3.52885, 1.9369
-4.21512, 1.47373
-5.40699, 0.719301
-1.16738, 3.4607
1.823, 5.36917
2.2171, 5.62329
-2.96549, 2.25488
-2.03342, 2.83911
0.649488, 4.60611
0.834003, 4.73261
-1.98402, 2.88467
2.64753, 5.84798
-3.02698, 2.22423
-4.95016, 0.982608
-4.58971, 1.25566
0.563625, 4.5394
0.255663, 4.33844
-4.29015, 1.38913
0.0793858, 4.22323
-3.15377, 2.12043
-1.95355, 2.92949
-4.24808, 1.40501
-4.92418, 0.972967
0.916888, 4.74467
-1.68014, 3.04756
-4.48781, 1.25011
-5.35369, 0.69428
-2.95236, 2.24947
2.06927, 5.4728
-0.598813, 3.76581
-0.114354, 4.07417
0.0534068, 4.1849
-2.49204, 2.53711
-5.38694, 0.648856
-2.15743, 2.73754
-2.85137, 2.29625
1.50698, 5.10305
1.5336, 5.12145
-5.61073, 0.515187
-1.6864, 3.03644
-3.57215, 1.81812
0.852826, 4.6946
-0.956945, 3.50462
-4.7568, 1.04561
1.33107, 4.98073
-1.79532, 2.93298
-5.27429, 0.702106
0.22655, 4.26101
-0.597872, 3.72454
1.40776, 5.01187
-0.660631, 3.67282
-2.51395, 2.48295
-2.17755, 2.71605
-3.35935, 1.92932
-2.98903, 2.17599
-1.1798, 3.3367
-1.39595, 3.18718
1.25647, 4.91943
2.0714, 5.43562
-4.21924, 1.35059
-2.83624, 2.25831
-1.98839, 2.7913
-3.07008, 2.12374
0.675496, 4.54309
-3.45743, 1.8517
-4.33923, 1.27699
-3.29552, 1.93939
1.24293, 4.88255
-3.97571, 1.51134
-4.70147, 1.04612
-5.20024, 0.73137
2.68955, 5.81331
-4.37035, 1.24888
-2.76023, 2.29065
-0.855004, 3.51789
2.67279, 5.78209
-3.11945, 2.0338
-4.56784, 1.07273
-2.71372, 2.30476
-2.80352, 2.23372
-4.59508, 1.0777
-1.36476, 3.16629
-2.73055, 2.27476
-4.48105, 1.12785
-2.40008, 2.49217
-3.56855, 1.71869
1.67525, 5.10557
0.324217, 4.22969
1.14414, 4.77346
-2.16552, 2.62132
-5.52235, 0.436844
-1.80013, 2.85173
-5.04729, 0.736085
-3.78609, 1.57188
-1.06529, 3.33259
-3.03487, 2.04702
-3.24054, 1.90335
2.52508, 5.64358
-1.16143, 3.26373
-1.63568, 2.94823
-2.09207, 2.64642
-4.8965, 0.813367
-0.742732, 3.51308
1.32853, 4.85143
-4.71272, 0.941808
-5.11968, 0.677961
-2.20797, 2.55239
0.990012, 4.64759
-2.28663, 2.5137
-4.05163, 1.3546
-3.84971, 1.47566
-2.50824, 2.36743
-2.85764, 2.12794
-1.82964, 2.78248
-5.26689, 0.531259
-5.33967, 0.512277
-3.5534, 1.64936
-4.73523, 0.892305
-3.90395, 1.41051
-2.9853, 2.03674
-3.03158, 2.0044
-4.69602, 0.894481
-3.48431, 1.69193
1.24445, 4.74467
-0.40424, 3.67918
-3.57629, 1.63146
-4.05878, 1.31432
0.333334, 4.14249
2.51188, 5.53359
-1.40894, 3.00818
-2.83928, 2.08843
-3.47788, 1.67985
0.892138, 4.51041
-0.221549, 3.75457
1.86022, 5.11231
-2.62188, 2.19904
-4.13762, 1.22582
-0.784328, 3.39298
-5.29835, 0.456146
-2.2869, 2.41932
-0.0357094, 3.88092
-3.45091, 1.65944
-3.55419, 1.58069
2.05107, 5.22953
1.61208, 4.93173
-4.97254, 0.667985
-4.23114, 1.16372
1.42646, 4.80001
0.983609, 4.53401
-1.85363, 2.67258
2.47977, 5.47248
1.54243, 4.85214
-5.43779, 0.352213
2.29407, 5.36427
-2.79467, 2.05033
-0.473496, 3.55175
-4.17609, 1.15942
-5.40936, 0.345315
-0.794037, 3.33062
2.12822, 5.21434
-2.42482, 2.26541
-0.776034, 3.32773
-2.0616, 2.49203
-1.72351, 2.6924
-5.27214, 0.385321
-2.62632, 2.13055
-0.0492158, 3.79702
-1.8626, 2.6157
1.19614, 4.62181
-3.2876, 1.68979
-1.81368, 2.63034
-3.13585, 1.78995
1.50899, 4.77743
-1.7114, 2.68991
-0.414477, 3.53931
-4.25478, 1.05033
1.73262, 4.92487
-5.15601, 0.437844
-2.91134, 1.89231
-3.10196, 1.76764
-1.45824, 2.83359
-0.857186, 3.21988
0.0946482, 3.83518
2.49031, 5.38012
1.24557, 4.58754
1.41688, 4.67462
1.01873, 4.451
-1.49536, 2.80651
2.48823, 5.36895
1.08164, 4.46698
1.41439, 4.66977
1.05047, 4.43779
0.708441, 4.21752
-4.10219, 1.06656
-3.51865, 1.46449
0.164368, 3.85821
-0.588039, 3.36458
-0.459887, 3.44894
-0.439153, 3.45711
2.22176, 5.20742
-4.5331, 0.801845
-3.5423, 1.42551
0.544272, 4.09262
1.90845, 4.96077
-3.74513, 1.32776
-5.20027, 0.355904
-3.48534, 1.45964
-4.23541, 0.977887
-2.80546, 1.8704
-1.24342, 2.92274
-4.17423, 1.01832
-2.71867, 1.96947
-3.25694, 1.60843
2.19168, 5.128
-3.67584, 1.28522
-1.55564, 2.71286
0.126059, 3.78821
1.85065, 4.89942
0.339432, 3.92372
-1.37992, 2.78843
2.23737, 5.15385
2.3531, 5.20086
-2.32074, 2.18014
2.42171, 5.24862
-3.76964, 1.24419
1.59276, 4.70441
-2.467, 2.06492
-0.329718, 3.44501
-1.54111, 2.67122
2.35552, 5.18989
2.35819, 5.1885
1.0546, 4.33974
0.426851, 3.94901
-4.35478, 0.840907
0.320903, 3.8633
-2.56919, 1.9904
-4.06144, 1.00738
-1.04522, 2.97177
-3.98535, 1.04205
-4.41083, 0.767079
-4.65277, 0.617037
2.43329, 5.19519
-1.83514, 2.43184
-4.53519, 0.706257
-0.79461, 3.10507
0.504173, 3.94805
0.998337, 4.25503
-3.40595, 1.39806
-3.02618, 1.6136
-1.84483, 2.40918
-4.47879, 0.703186
-0.20427, 3.47663
1.28459, 4.43377
-2.33338, 2.05616
2.16345, 5.00008
0.742526, 4.08333
-1.99337, 2.32533
-4.34568, 0.770229
-3.07407, 1.59258
-2.86217, 1.7174
2.96816, 5.4977
0.841383, 4.1283
-0.570635, 3.20169
-2.24897, 2.12347
-1.58559, 2.54464
2.53869, 5.21309
-0.137317, 3.48439
-2.51438, 1.94186
2.44055, 5.14348
1.17323, 4.29335
-3.0656, 1.56852
-1.78814, 2.40147
-2.69088, 1.80127
-0.672168, 3.11133
-3.74047, 1.12805
2.77558, 5.33575
-4.56802, 0.599317
-1.39929, 2.65366
-3.09298, 1.53471
2.80345, 5.34867
1.01448, 4.20387
-4.41274, 0.689459
2.50421, 5.1507
2.37735, 5.05242
3.04449, 5.48948
0.209542, 3.6537
-1.48257, 2.56266
2.03375, 4.82584
1.91868, 4.75702
-0.131111, 3.41722
2.07511, 4.84971
-4.21043, 0.796539
2.53718, 5.133
0.96867, 4.12666
-2.7939, 1.68013
-2.85539, 1.6482
-2.22002, 2.04793
0.217278, 3.62405
-3.40668, 1.26916
2.11393, 4.85781
0.272658, 3.66517
2.61245, 5.17538
0.357178, 3.71114
-1.21512, 2.69254
-0.748019, 2.99033
-1.22087, 2.67781
-0.854832, 2.92826
-3.57377, 1.15139
-1.67511, 2.37527
1.05845, 4.14981
-4.69994, 0.443422
1.92808, 4.72346
-0.785776, 2.94337
-0.546911, 3.11082
-5.22208, 0.0743393
1.48533, 4.42218
-0.377316, 3.2048
-1.00512, 2.78522
-3.10425, 1.42521
-0.888954, 2.84475
2.01137, 4.73467
0.701398, 3.89145
0.937437, 4.05864
-2.1222, 2.05507
2.30916, 4.92344
-1.89239, 2.21892
-3.14648, 1.38437
-3.62826, 1.0698
-2.85667, 1.58586
-3.80447, 0.956237
-1.39964, 2.49858
-2.05906, 2.07816
0.546593, 3.77455
-4.04752, 0.768523
-1.54979, 2.39735
-2.26898, 1.93159
-5.26414, -0.0223755
-3.94332, 0.852753
-4.93895, 0.192478
-0.724996, 2.91356
-1.73741, 2.26442
-3.42466, 1.19348
1.68906, 4.46628
1.50599, 4.35486
-0.984205, 2.73607
-5.22935, -0.0160843
0.905761, 3.9669
-0.1961, 3.2587
0.314125, 3.57669
-0.684289, 2.92318
-3.75859, 0.931107
-3.60187, 1.01747
-2.20612, 1.93709
-3.05383, 1.37137
0.53686, 3.71757
-0.483462, 3.06793
-2.34224, 1.84174
2.9173, 5.24826
-4.09521, 0.692719
-4.99175, 0.119833
-2.56289, 1.69322
-0.247967, 3.17502
2.10289, 4.72563
-3.75976, 0.880874
-0.0104076, 3.33516
-2.94968, 1.43466
-3.00057, 1.39622
-2.75824, 1.57579
1.26858, 4.14503
-2.95478, 1.39095
-4.19555, 0.613781
-3.26655, 1.20352
-4.25114, 0.555908
0.493573, 3.65335
2.00762, 4.62153
-2.50079, 1.69545
2.64818, 5.01995
-4.2802, 0.543658
-2.74167, 1.50758
2.23454, 4.71908
-5.08832, 0.0557559
-4.22381, 0.572778
-2.44595, 1.71847
2.11049, 4.66955
-1.48689, 2.32457
-4.53299, 0.353046
-1.79268, 2.12294
-1.24053, 2.47402
2.15434, 4.67624
-3.04005, 1.31943
-1.55189, 2.28766
-1.97698, 2.01416
-2.0968, 1.90164
-0.586485, 2.87607
2.9356, 5.17613
0.968025, 3.90236
2.76535, 5.06398
-4.41338, 0.410936
-0.461713, 2.96075
2.29634, 4.74873
1.75329, 4.39926
1.28679, 4.07989
-1.62534, 2.2114
-3.76713, 0.820696
-4.35249, 0.442452
2.22645, 4.7026
-3.32447, 1.10179
-4.19614, 0.522585
-4.88964, 0.0941592
-2.56298, 1.58634
-5.05923, -0.0561049
-4.82579, 0.125211
1.43688, 4.15488
0.168357, 3.35277
-3.77546, 0.773658
0.264129, 3.40897
-4.45117, 0.355683
-3.58939, 0.879642
3.09595, 5.22704
-0.383963, 2.98223
1.93744, 4.47185
0.878531, 3.79481
-0.0282492, 3.20077
-2.27793, 1.76679
-0.42121, 2.94645
0.971402, 3.84219
-0.0920815, 3.1517
1.03244, 3.8691
1.59859, 4.2451
3.15643, 5.22512
0.99451, 3.84159
-2.20965, 1.75361
-4.85748, 0.0412549
-3.52448, 0.897697
-4.15732, 0.476449
1.58241, 4.21264
-4.51939, 0.2463
2.54302, 4.82634
1.85408, 4.37179
2.08655, 4.52129
-2.79038, 1.35635
-1.40396, 2.24282
-4.35852, 0.32705
-3.21643, 1.06283
-2.5843, 1.4865
0.836126, 3.69232
-1.91615, 1.92454
-1.88565, 1.90899
0.93353, 3.74407
0.620545, 3.56471
-3.9786, 0.570476
2.84351, 4.96584
-1.36843, 2.25279
0.334676, 3.34205
1.32738, 3.96953
2.12638, 4.50781
-1.92664, 1.8937
1.21488, 3.90885
0.12934, 3.21565
-5.15579, -0.227059
3.05521, 5.09963
-2.10365, 1.75454
0.308492, 3.32061
-2.15143, 1.71688
1.92562, 4.36
-3.87499, 0.60475
-2.04643, 1.76305
-2.48689, 1.49277
-2.14268, 1.72648
-0.357165, 2.87585
0.996696, 3.75619
1.53766, 4.05991
1.54994, 4.10221
-0.933951, 2.50137
-3.29296, 0.957865
-2.95955, 1.16052
-4.54651, 0.15352
-1.59228, 2.0794
-0.174839, 3.00366
2.30307, 4.58045
-5.09014, -0.219506
-0.100207, 3.03487
-2.42411, 1.51009
-1.91961, 1.82595
2.21295, 4.5135
-4.29321, 0.29946
-4.48447, 0.171283
-1.89564, 1.84081
-1.60527, 2.02883
-3.84505, 0.593724
1.97999, 4.35468
-1.43837, 2.12466
-3.811, 0.590255
-0.600122, 2.68101
0.989616, 3.70965
-4.85488, -0.0894059
1.52478, 4.04233
3.14451, 5.07118
-4.75829, -0.0269295
1.71597, 4.17192
-4.41244, 0.187842
-4.81864, -0.0699573
-2.79185, 1.23343
-3.7163, 0.633217
1.30187, 3.89496
0.786954, 3.56527
-1.58749, 2.0021
1.73898, 4.14947
-1.48309, 2.08245
-2.68238, 1.29112
-1.74846, 1.89723
-3.99356, 0.445568
-1.66976, 1.93841
0.373732, 3.26862
-0.712285, 2.56365
-1.36084, 2.13534
-3.14592, 0.980569
0.513144, 3.35618
0.606466, 3.41002
2.18837, 4.41803
-1.96275, 1.73158
0.711309, 3.48703
3.04451, 4.96435
-3.1197, 0.973207
0.356364, 3.22298
-4.80893, -0.127413
-3.65674, 0.632616
-4.2614, 0.23271
-2.53684, 1.32734
-1.5333, 2.00966
1.9853, 4.27217
1.94372, 4.24999
-0.170163, 2.90978
-2.31651, 1.4525
-0.415604, 2.71144
-3.02974, 1.03155
0.937523, 3.59145
2.47605, 4.5652
1.97294, 4.24102
-1.30892, 2.11931
-3.88376, 0.441825
2.6348, 4.69916
1.52558, 3.93751
-2.68907, 1.21395
-4.87371, -0.199634
-1.16267, 2.19876
2.93043, 4.84807
2.93884, 4.88463
-0.188989, 2.83673
-4.95459, -0.235282
-1.47554, 2.01172
-2.70872, 1.19533
-2.98824, 0.941397
-2.49046, 1.31839
-1.1239, 2.21279
-1.80681, 1.78564
-4.26643, 0.174519
-3.98325, 0.33609
-5.06884, -0.345666
1.3204, 3.78747
-0.992767, 2.27474
2.8119, 4.7377
-3.89086, 0.399164
3.11418, 4.91509
0.775994, 3.41722
-0.537437, 2.56991
-3.13398, 0.874685
2.12229, 4.2848
0.7023, 3.35962
2.99412, 4.83689
-1.22128, 2.10803
-0.690843, 2.45565
-3.73943, 0.475332
-0.980313, 2.26221
-1.43204, 1.96787
-5.0124, -0.364199
-3.66887, 0.519232
0.767244, 3.37818
-2.52517, 1.24961
-1.19645, 2.11098
0.464562, 3.16918
-1.13081, 2.14452
-2.51067, 1.22835
2.66478, 4.59676
-3.175, 0.816597
-2.16206, 1.4818
1.43956, 3.80515
-0.115769, 2.79142
-0.0697739, 2.82937
1.64057, 3.91618
-0.232657, 2.71735
-0.216227, 2.7158
-0.153829, 2.76959
-1.02236, 2.19291
-1.63674, 1.78277
-0.659569, 2.42187
-3.51969, 0.572727
-4.7611, -0.258984
-3.78911, 0.379326
-4.72181, -0.213024
-1.89768, 1.60589
2.27372, 4.30711
2.90888, 4.71991
0.0446249, 2.87149
-4.22997, 0.103188
2.49101, 4.45239
3.14362, 4.84888
0.128642, 2.92031
-0.448178, 2.53536
-4.57988, -0.128756
-4.74628, -0.240659
1.04742, 3.50362
3.08795, 4.78328
-1.80995, 1.65609
-4.08149, 0.181684
0.928109, 3.43462
2.42562, 4.36569
-4.43091, -0.056087
-4.89227, -0.364488
-1.1971, 2.01982
-0.0223898, 2.78818
2.30277, 4.26215
-3.66193, 0.409503
2.06435, 4.12471
3.09858, 4.78648
-5.00167, -0.466921
-4.45261, -0.104013
2.25296, 4.22149
2.23885, 4.21376
0.810901, 3.28043
-2.62446, 1.05834
0.866254, 3.32634
-0.00112296, 2.75973
-0.649916, 2.33735
-0.248984, 2.59576
0.68278, 3.22516
-2.07955, 1.40063
-3.97728, 0.153184
-1.91065, 1.49959
-4.04807, 0.0950271
2.87465, 4.60506
-1.93588, 1.46367
-0.208328, 2.58024
-2.93502, 0.81301
2.65906, 4.43379
-1.53381, 1.67765
-3.77496, 0.272983
-2.90212, 0.811604
-2.61498, 1.01455
0.59845, 3.10145
0.591935, 3.06236
0.210141, 2.84359
-4.47181, -0.207608
-3.54618, 0.402138
-2.44378, 1.10238
-2.98278, 0.748561
0.930631, 3.28756
1.04819, 3.31645
-1.01201, 2.01274
2.87358, 4.5428
-0.668106, 2.24509
-1.84305, 1.47086
-0.339587, 2.44884
2.781, 4.4681
-0.035833, 2.6461
1.93344, 3.90871
-4.56233, -0.310626
1.7564, 3.77328
-4.62324, -0.363849
2.44894, 4.22955
-4.29812, -0.129489
-0.996138, 1.99358
1.91929, 3.88285
-1.5024, 1.66898
0.270471, 2.81256
-1.55531, 1.6703
2.7326, 4.38828
2.97926, 4.53118
3.41604, 4.83835
0.312579, 2.83612
-1.61858, 1.58687
-4.85022, -0.532132
-3.35703, 0.415738
-0.185084, 2.49198
-3.66295, 0.235952
3.15876, 4.62309
-2.56376, 0.950075
1.50833, 3.57922
3.09956, 4.60319
-4.88073, -0.582081
-0.56996, 2.27799
1.59269, 3.62818
1.8396, 3.78401
1.01412, 3.22792
-2.40345, 0.993969
-0.160154, 2.46278
-3.42366, 0.331118
1.33136, 3.41381
-4.75979, -0.530987
-3.89007, 0.0644245
-0.0547512, 2.52639
-3.84625, 0.0577718
3.05473, 4.49215
-1.53223, 1.55628
-0.549923, 2.17813
0.0147554, 2.55365
-0.626881, 2.14781
0.887817, 3.1791
-1.49038, 1.56058
-2.64743, 0.820535
-4.81853, -0.612792
-4.75426, -0.534817
-4.8836, -0.663068
-0.395002, 2.27398
-4.19366, -0.201331
2.13346, 3.90893
0.143587, 2.63678
-4.14574, -0.166539
0.18462, 2.63994
-1.17064, 1.76062
2.27242, 3.99284
2.40999, 4.05476
0.218783, 2.66017
2.81009, 4.31449
0.951215, 3.10876
0.678699, 2.95807
3.43479, 4.72022
0.263484, 2.66772
-4.27585, -0.273571
-3.72469, 0.088601
-1.18995, 1.74511
-4.7847, -0.60953
1.13116, 3.2313
-1.67052, 1.40037
-2.77005, 0.689266
1.6075, 3.52143
-4.26227, -0.287916
1.91365, 3.72284
0.54502, 2.8224
-3.86309, -0.0299091
1.3178, 3.30321
-3.4316, 0.241811
-3.1536, 0.428066
-0.897438, 1.87279
0.455297, 2.72382
2.49842, 4.06445
-4.33355, -0.333371
-0.865766, 1.87562
1.3404, 3.30526
-4.36105, -0.386096
1.46091, 3.42002
1.51399, 3.40776
-1.31932, 1.57602
-0.929457, 1.8338
-2.02073, 1.10838
-4.1938, -0.288569
1.11473, 3.15214
2.62316, 4.13228
1.91806, 3.65073
0.825605, 2.96447
0.368683, 2.64964
-3.60439, 0.0581688
2.51884, 4.02511
-1.65698, 1.32317
-1.8952, 1.16106
-0.203186, 2.25456
-1.43962, 1.45612
-0.134639, 2.29803
2.07179, 3.74399
3.18299, 4.43722
-1.42021, 1.44723
-1.32393, 1.54023
-0.875318, 1.80467
0.289683, 2.55166
3.1018, 4.37798
3.47261, 4.62024
3.31966, 4.51906
-0.352828, 2.12908
-1.88812, 1.12506
1.6587, 3.43441
1.43489, 3.29495
2.99191, 4.27427
0.221043, 2.43588
-3.70606, -0.0510286
-1.41132, 1.43393
-0.888027, 1.76573
3.13041, 4.35159
-4.36467, -0.48813
2.47831, 3.94134
0.921439, 2.9294
-1.53396, 1.34943
-2.75272, 0.5593
-4.52092, -0.591268
2.04397, 3.66535
-2.48455, 0.702043
-0.469175, 2.04005
-1.74031, 1.17578
-4.79422, -0.824611
1.26878, 3.14305
2.53668, 3.97222
0.218152, 2.463
-4.13134, -0.367488
-2.70995, 0.552725
-0.950563, 1.69387
-1.61433, 1.25261
-4.00113, -0.285871
-3.17538, 0.240244
3.57091, 4.61397
0.0512573, 2.33119
-1.02177, 1.64307
-4.48149, -0.57219
2.99123, 4.22837
-3.18546, 0.214472
3.59362, 4.60452
1.01395, 2.93197
-2.6761, 0.533206
-3.94072, -0.288085
2.65476, 3.99386
-2.05375, 0.941156
2.79889, 4.07799
-0.485011, 1.95002
-3.39276, 0.061503
0.716659, 2.74303
2.14363, 3.66187
-3.50121, -0.0108397
2.061, 3.57543
-4.46937, -0.679013
-4.18619, -0.477547
1.21008, 3.0282
-2.07244, 0.894082
-4.24293, -0.517986
0.384006, 2.5138
3.01148, 4.1774
-0.192231, 2.10309
-1.63069, 1.17283
1.06056, 2.9087
0.311455, 2.39895
0.851776, 2.78229
-1.22408, 1.42066
-1.38184, 1.31171
-3.0924, 0.217442
-4.32263, -0.588214
3.36188, 4.38381
0.165576, 2.32985
2.84549, 4.04634
3.15775, 4.25411
-3.50618, -0.0650741
-1.39153, 1.30077
-2.14312, 0.807159
-1.69436, 1.08303
1.43884, 3.14092
1.63277, 3.25108
0.653572, 2.6119
-2.20062, 0.772473
-3.86643, -0.318185
-3.2352, 0.0912808
1.94832, 3.44549
-2.56207, 0.515378
-2.90747, 0.322797
-1.79982, 1.01522
-2.82464, 0.338155
3.592, 4.49814
-3.87432, -0.336033
2.21808, 3.60944
1.62264, 3.23445
2.16493, 3.57321
-1.88587, 0.952728
-3.52946, -0.0965409
0.554404, 2.5331
1.94746, 3.44931
-1.02739, 1.52095
1.6502, 3.21867
0.422964, 2.43613
-0.68533, 1.71345
-2.48278, 0.555158
0.405998, 2.4148
-1.41006, 1.22765
0.109736, 2.21681
0.938769, 2.76295
-1.1191, 1.41013
2.66161, 3.8661
1.44275, 3.03512
0.544922, 2.48295
0.354779, 2.32988
-4.43797, -0.750081
-2.38111, 0.5879
-0.0648655, 2.08031
1.03241, 2.78236
-1.44295, 1.16919
0.886871, 2.69209
-4.40235, -0.704762
-4.6994, -0.922794
-0.964728, 1.49282
0.938484, 2.72897
-3.91443, -0.427089
1.70136, 3.22126
-0.0583291, 2.08435
-0.875229, 1.52977
-0.845205, 1.52483
2.44143, 3.72651
-2.92997, 0.200428
0.0976383, 2.16796
-3.5747, -0.21794
-4.26323, -0.665935
1.42599, 3.00843
-3.52644, -0.199368
3.23607, 4.16933
-2.32087, 0.596813
1.32524, 2.94298
2.10595, 3.44469
-0.283988, 1.91184
-3.09488, 0.0721869
3.04348, 4.02474
3.63296, 4.39533
-4.61748, -0.97282
-2.62006, 0.378519
-1.44593, 1.10616
-0.965208, 1.45775
0.682577, 2.48647
-3.10511, 0.0319368
-4.60218, -0.936173
-3.53464, -0.241601
-4.08005, -0.608863
-2.09228, 0.67771
1.72139, 3.13081
2.71827, 3.78125
-4.11082, -0.653814
1.65027, 3.0893
2.79832, 3.82284
-4.02412, -0.596034
1.93676, 3.28061
0.871176, 2.55438
-0.639001, 1.58868
-0.379781, 1.76596
-1.91108, 0.762933
-3.24581, -0.123175
-4.65319, -1.05831
0.717213, 2.46402
-4.51359, -0.958616
1.63488, 3.03329
-1.26028, 1.16649
-3.11181, -0.0371625
2.42565, 3.55489
-2.40668, 0.416377
-2.25207, 0.510752
0.181454, 2.11543
0.413432, 2.2082
-0.200964, 1.83082
-2.3723, 0.42589
-3.5011, -0.28615
-0.459047, 1.65606
2.03891, 3.27591
-2.38852, 0.401528
-4.37476, -0.901606
-3.15418, -0.106649
-2.35392, 0.431181
3.31683, 4.05802
-2.73585, 0.157952
-0.92117, 1.33027
-3.86551, -0.584258
1.62026, 2.97964
-0.787573, 1.42926
-3.34688, -0.254372
-4.28905, -0.853147
2.64086, 3.62917
0.947415, 2.54274
0.62327, 2.30271
2.60873, 3.62315
0.725435, 2.38235
3.62813, 4.25495
-3.75413, -0.531738
-2.01458, 0.592069
-2.33984, 0.381416
-2.72675, 0.129007
-0.555571, 1.53344
3.26769, 3.97217
-1.13917, 1.14486
0.17929, 2.00393
-4.40048, -0.971756
0.701983, 2.33745
2.04261, 3.19723
-4.46892, -1.0279
-1.92052, 0.644542
-1.77119, 0.723779
-0.67572, 1.43787
3.5307, 4.15838
0.540866, 2.22583
3.64841, 4.21124
3.34903, 3.97645
-2.61897, 0.165451
-4.24764, -0.890038
-2.91073, -0.0294327
-3.73087, -0.582826
-0.520922, 1.51846
-2.8475, -0.0445357
-1.0024, 1.17525
2.01764, 3.13827
-3.50747, -0.421402
-0.3653, 1.60584
-1.42513, 0.909904
-2.35464, 0.297478
-1.45532, 0.890035
1.59073, 2.85914
-0.531654, 1.47394
3.42659, 3.99803
3.54298, 4.07806
0.0936708, 1.86628
-3.11959, -0.228328
3.81093, 4.25257
2.27347, 3.25968
-3.58538, -0.532304
-3.09844, -0.220063
0.640417, 2.19942
0.19896, 1.92722
-0.919672, 1.17651
2.13654, 3.16159
-3.29683, -0.294625
-0.461896, 1.46943
-3.34214, -0.401266
0.170135, 1.87504
2.61948, 3.43499
-2.05678, 0.445794
3.78916, 4.20133
1.87939, 2.94574
-4.53904, -1.19802
-2.60058, 0.0498793
3.48561, 3.97166
-3.27614, -0.396223
-0.674408, 1.30034
0.514768, 2.05928
-2.15771, 0.330266
2.51079, 3.36219
-4.1673, -0.982901
-2.06197, 0.38753
-0.277973, 1.54919
-1.45412, 0.769649
1.52299, 2.70346
-3.59195, -0.635151
-1.79593, 0.539478
-0.0712417, 1.66639
3.44023, 3.94425
-1.77817, 0.563852
2.12265, 3.08777
0.493062, 2.02018
-1.13406, 0.961922
-3.03735, -0.261597
-0.670963, 1.27259
-1.05544, 1.00605
-3.36924, -0.518375
2.89015, 3.56953
2.37069, 3.22435
-0.389211, 1.44449
0.407282, 1.95472
2.36172, 3.21302
3.09594, 3.6919
2.84196, 3.52083
-0.250048, 1.49831
-0.331538, 1.4605
-3.05182, -0.31193
2.71513, 3.43863
-3.20019, -0.418366
1.27065, 2.49547
-0.311318, 1.46113
-3.66162, -0.721478
-2.97887, -0.253461
-0.69261, 1.19673
2.76582, 3.44873
2.18404, 3.0773
-4.41867, -1.21168
-2.03374, 0.331544
0.0271217, 1.66681
-1.80091, 0.47095
-0.885389, 1.06136
-3.66317, -0.746103
-2.22506, 0.219736
-0.832903, 1.09797
-3.91122, -0.929229
-2.83998, -0.209332
-2.26695, 0.1588
-1.79028, 0.46712
2.59438, 3.29652
-1.00958, 0.958496
3.42812, 3.80757
2.42184, 3.1607
2.77748, 3.4152
-0.458897, 1.31547
-0.358006, 1.37435
-2.31426, 0.140009
2.17568, 3.00436
1.99048, 2.89989
1.08643, 2.30572
0.999063, 2.25464
3.18781, 3.64593
0.384558, 1.84523
-3.80844, -0.885784
-3.159, -0.444101
2.35824, 3.11249
-2.23355, 0.119051
-1.221, 0.779562
3.09189, 3.55946
-2.68729, -0.18226
-0.337341, 1.32307
-1.98736, 0.255259
2.65826, 3.27717
-3.46733, -0.702278
2.60255, 3.2326
0.312801, 1.7509
-2.88026, -0.329515
2.56978, 3.19695
1.46955, 2.48677
-0.294546, 1.34881
-4.12276, -1.14992
-0.527203, 1.18227
-3.28698, -0.613184
-0.704385, 1.04804
-2.88848, -0.356562
0.169592, 1.61705
0.487403, 1.82562
-2.35445, 0.00192712
3.02843, 3.49303
0.830369, 2.04501
-4.42842, -1.3791
-4.4406, -1.3989
1.76688, 2.64328
-1.42165, 0.572923
-1.17171, 0.723988
3.46844, 3.73565
3.67824, 3.8757
3.13879, 3.51844
3.3146, 3.62958
0.808493, 2.01535
-0.37746, 1.23697
0.185763, 1.57991
-0.554792, 1.12031
0.932975, 2.07762
-4.2196, -1.26065
3.55122, 3.76955
3.82277, 3.93696
1.95908, 2.72269
0.804861, 1.98877
-3.3812, -0.744022
1.30824, 2.30541
3.0589, 3.44439
-0.119386, 1.37622
-2.01609, 0.142432
1.23757, 2.26205
-0.815519, 0.918572
2.56864, 3.10475
1.09313, 2.20554
0.246135, 1.60431
-2.56667, -0.227241
1.13356, 2.18067
0.286348, 1.54372
-2.90821, -0.453646
-2.86408, -0.434042
-2.51369, -0.199216
-0.182457, 1.31766
2.29489, 2.90543
-0.88061, 0.854804
-2.39743, -0.144806
0.92257, 2.02467
2.61008, 3.10754
-3.13335, -0.612457
1.42822, 2.34393
-1.45257, 0.495282
-1.65305, 0.330917
-0.989535, 0.765531
-2.36632, -0.116591
1.80896, 2.55123
-1.53413, 0.409253
-4.23147, -1.34499
-2.25839, -0.0825842
0.825051, 1.91333
0.716389, 1.84319
-2.08082, 0.0114012
3.36248, 3.5441
2.43404, 2.93181
-1.4863, 0.40335
-3.02232, -0.619474
-2.85132, -0.490669
0.533519, 1.7366
-2.00451, 0.044781
0.249616, 1.49621
0.894914, 1.91872
-1.66948, 0.257728
1.66679, 2.43195
0.626311, 1.71873
-2.60656, -0.366429
0.841354, 1.86632
-2.29923, -0.179164
2.31622, 2.81887
1.19779, 2.07903
2.72241, 3.03813
1.49877, 2.27796
0.923291, 1.88567
2.11974, 2.67207
3.03694, 3.26001
2.75545, 3.07837
1.81594, 2.47596
-1.71524, 0.166633
3.49516, 3.54347
1.0411, 1.93976
1.58879, 2.28823
1.01978, 1.9163
3.27399, 3.39675
2.38938, 2.80733
-0.565905, 0.893181
-0.957347, 0.637231
0.747061, 1.72428
0.5886, 1.62489
-1.03792, 0.570935
-0.467269, 0.918361
-1.23259, 0.430055
3.11873, 3.24999
-4.08915, -1.40744
2.56948, 2.89229
-3.36987, -0.978161
-0.255283, 1.04817
3.02207, 3.17182
-2.82162, -0.621205
-3.96502, -1.35078
2.78289, 3.00006
-2.0199, -0.113865
0.412596, 1.46883
-3.12918, -0.830575
-1.9484, -0.0688574
2.10986, 2.55443
2.96753, 3.10756
0.44362, 1.47093
-0.00723238, 1.18339
-1.99206, -0.10428
2.5062, 2.80029
2.25693, 2.61693
1.85093, 2.35206
-2.52379, -0.462483
2.36014, 2.68998
-2.83808, -0.677472
-2.20073, -0.270339
3.5843, 3.46291
2.61311, 2.85106
3.92931, 3.69819
-3.51421, -1.14265
3.06487, 3.11298
-3.81891, -1.33605
1.42662, 2.06209
-3.39725, -1.07085
-2.18854, -0.29261
-0.986693, 0.463699
-0.518825, 0.78182
-3.85073, -1.38034
-0.553098, 0.754136
1.21847, 1.88951
1.31536, 1.9916
-2.50988, -0.530242
-1.46655, 0.161125
0.37162, 1.35219
-2.55044, -0.548707
0.908034, 1.67747
-1.90083, -0.146084
4.12624, 3.75366
-2.87759, -0.786046
-3.19417, -0.992812
-1.34412, 0.205099
-3.56242, -1.23479
1.10469, 1.78407
0.256278, 1.23474
-1.01482, 0.412906
-3.08779, -0.938933
0.955876, 1.671
3.84535, 3.55298
2.21088, 2.49517
2.67921, 2.82317
0.294594, 1.24246
-3.86321, -1.43936
3.99719, 3.64396
1.34435, 1.9193
3.18348, 3.12661
1.19951, 1.83356
1.33113, 1.94008
1.56952, 2.06183
-2.24993, -0.414938
2.17295, 2.45416
2.24708, 2.48983
-2.01568, -0.273903
2.01901, 2.34801
-1.82654, -0.148811
-4.1175, -1.60711
-0.787221, 0.533598
2.15609, 2.42927
1.80055, 2.16162
-1.6148, -0.029391
1.0506, 1.72014
-3.38227, -1.17668
4.01702, 3.62555
2.8046, 2.84096
1.20266, 1.7854
-1.05185, 0.334462
2.8279, 2.84013
3.31595, 3.16472
1.1351, 1.73034
-1.87704, -0.21324
-1.37578, 0.0989896
2.22137, 2.43211
-0.26362, 0.820188
3.77526, 3.44418
-2.61408, -0.714201
-4.07089, -1.64913
-0.758693, 0.480237
-1.54718, -0.0301285
0.28107, 1.14255
3.8045, 3.42508
3.81212, 3.41248
-2.75746, -0.846041
1.2505, 1.75335
3.54084, 3.2336
-2.28177, -0.527334
2.17923, 2.35415
-1.46533, -0.0213004
-4.13264, -1.76076
1.05654, 1.60888
-1.83516, -0.26305
1.18931, 1.67125
-1.53661, -0.0298963
1.11103, 1.62494
-1.91527, -0.311968
3.14363, 2.95839
-0.966977, 0.289467
1.51113, 1.87654
3.95601, 3.46896
-1.21814, 0.110305
4.00271, 3.5014
2.23233, 2.32516
2.23152, 2.36042
2.70202, 2.64749
0.0493119, 0.930202
-0.331974, 0.672081
1.47532, 1.84221
-1.3245, 0.0127641
-2.03807, -0.437203
-1.13328, 0.163811
1.74771, 2.0137
1.13819, 1.60189
0.117613, 0.938806
0.497253, 1.19129
-4.06733, -1.7607
-1.45269, -0.0546678
-0.0710498, 0.826222
-0.812789, 0.341849
-3.22099, -1.21639
3.73437, 3.29373
2.33671, 2.37509
-1.08039, 0.156252
4.0402, 3.48858
-4.14039, -1.81102
-1.27177, 0.0259887
2.65251, 2.56228
-2.43757, -0.703549
0.167566, 0.953823
-3.95558, -1.71156
0.100429, 0.938596
-1.64764, -0.225574
0.895004, 1.42488
-2.28434, -0.634523
-0.373122, 0.591836
-2.14831, -0.558227
1.65724, 1.93423
1.94185, 2.08907
2.44531, 2.41482
0.418458, 1.10837
1.27346, 1.61857
-2.9079, -1.06443
-0.766716, 0.352658
-0.208836, 0.680008
-2.06012, -0.516475
3.55722, 3.11565
1.84696, 2.0154
-0.477806, 0.494121
-0.598271, 0.409333
-3.88893, -1.7329
2.72242, 2.56171
-1.53984, -0.215769
-0.158985, 0.694678
-3.53607, -1.50129
-3.15507, -1.28341
2.77926, 2.5881
2.39809, 2.34433
1.48857, 1.78743
-1.53168, -0.226216
-3.51826, -1.50109
-1.65732, -0.300612
-2.98266, -1.15591
1.55701, 1.76261
-0.748508, 0.289001
-2.6089, -0.923326
-2.69152, -0.97227
4.15659, 3.46817
1.00568, 1.40622
3.06119, 2.76041
-2.21246, -0.672984
3.62567, 3.10313
2.01734, 2.08134
0.879242, 1.33794
2.67309, 2.49194
3.0819, 2.76215
-0.274572, 0.574408
-1.18332, -0.0231709
3.4594, 3.0073
0.755918, 1.23074
-1.54341, -0.265748
1.54118, 1.70767
2.39196, 2.29069
0.0810591, 0.79188
2.72228, 2.49004
-1.93557, -0.501205
2.44748, 2.3017
0.347998, 0.938021
3.5422, 3.01553
-3.8614, -1.78868
3.15427, 2.75392
-1.95906, -0.550139
-0.697037, 0.280811
-2.97426, -1.22256
-1.18174, -0.0642014
-1.08984, 0.00551116
4.08437, 3.31319
3.07755, 2.67556
2.74338, 2.47237
2.91734, 2.57165
-3.3785, -1.50458
-3.54764, -1.62275
-1.58851, -0.358054
2.32558, 2.17897
-2.02359, -0.639765
-3.85492, -1.81098
-2.18389, -0.756047
-4.04098, -1.94704
-3.73507, -1.75457
-3.53944, -1.64023
4.23644, 3.41786
0.747715, 1.14436
3.89918, 3.18915
1.24597, 1.46443
-2.42292, -0.925663
-2.19304, -0.78116
0.231215, 0.790633
-3.62427, -1.72131
2.07734, 1.93292
0.485357, 0.940933
0.10038, 0.695917
3.16989, 2.72244
3.16008, 2.67561
-2.25511, -0.829759
3.25841, 2.72725
-0.0806336, 0.566936
1.97562, 1.8995
0.578222, 1.00055
-1.61265, -0.433591
0.352625, 0.828782
0.214572, 0.72298
3.3077, 2.7341
3.45437, 2.8243
3.47064, 2.83051
-0.964204, -0.0501551
3.45413, 2.82626
-1.93121, -0.674045
0.282533, 0.726811
-3.71811, -1.83652
1.20347, 1.36397
3.64978, 2.91321
3.94181, 3.1167
3.45276, 2.78598
1.21532, 1.3215
0.705835, 1.00331
-2.15241, -0.868778
1.59704, 1.56581
3.25736, 2.65519
-2.96689, -1.39484
-2.93837, -1.37642
1.94364, 1.78744
-2.88526, -1.34237
0.917351, 1.11719
-1.67627, -0.562886
-1.32103, -0.345216
-0.958659, -0.137124
2.87841, 2.39124
-1.84629, -0.708274
1.8555, 1.70204
2.69038, 2.25568
-1.12927, -0.24432
-1.59951, -0.526064
-2.24357, -0.942403
-0.877611, -0.0764514
-0.77389, -0.0202475
3.84882, 2.96436
-0.723911, 0.00958565
1.73368, 1.58717
-3.45483, -1.77088
3.02576, 2.43357
2.34291, 1.99319
0.747157, 0.955687
1.86005, 1.67662
-0.506735, 0.133404
1.78131, 1.61701
-1.89527, -0.774393
-2.668, -1.27316
3.16659, 2.50645
2.83456, 2.27682
-1.14135, -0.298007
-2.33347, -1.07328
-2.82084, -1.39334
4.07778, 3.09798
3.82516, 2.91852
-0.330534, 0.223081
-0.66276, 0.00884083
0.208766, 0.560935
3.49889, 2.68757
-2.12708, -0.946728
1.32482, 1.27219
0.712041, 0.879764
3.79503, 2.86793
-3.68544, -1.96288
-3.89106, -2.10674
4.10146, 3.07432
-3.14739, -1.63129
-1.76376, -0.735862
4.35756, 3.23557
-1.76354, -0.749424
-0.298434, 0.207669
-2.76156, -1.39366
4.00812, 3.00219
-3.20875, -1.67625
-1.4977, -0.575777
-1.87493, -0.832785
-2.27402, -1.07684
-0.312361, 0.188913
-3.75836, -2.04481
2.5828, 2.08446
2.8852, 2.24323
-2.3882, -1.1786
3.25213, 2.4622
-3.38743, -1.82631
-1.97064, -0.90422
-1.57515, -0.662869
-0.720196, -0.110479
4.41604, 3.22772
3.89478, 2.849
2.44555, 1.93087
-3.16928, -1.67761
3.76909, 2.85133
-0.955717, -0.276549
-0.678083, -0.0981458
1.84684, 1.56579
1.28307, 1.16182
1.50783, 1.31517
3.47227, 2.61934
1.67351, 1.41682
-2.24521, -1.15027
2.91335, 2.21093
1.19509, 1.10292
0.355827, 0.549433
-2.02581, -1.0326
-1.56207, -0.698091
-1.48237, -0.656409
2.08693, 1.71166
-3.52685, -1.96355
3.1084, 2.31624
1.73793, 1.42592
-1.31812, -0.550438
-2.02088, -1.0089
-3.3406, -1.87454
1.15458, 1.04921
1.33196, 1.15696
-3.87258, -2.20688
-1.28708, -0.547596
2.6104, 1.98552
3.72542, 2.68591
-2.05497, -1.07593
4.49416, 3.16995
2.50947, 1.88302
3.52373, 2.55824
-0.612612, -0.144157
-3.76371, -2.17595
-3.72805, -2.17687
2.34732, 1.76303
-0.221502, 0.0964831
2.10546, 1.60637
-2.40043, -1.32461
1.56335, 1.30866
3.18791, 2.29609
-2.89388, -1.66057
1.15177, 0.970885
-1.16467, -0.53124
1.85641, 1.44554
4.27156, 2.99245
-0.0511149, 0.179198
-1.32847, -0.653881
1.58488, 1.23099
4.34131, 3.03777
-3.45828, -2.04079
-2.70355, -1.53597
1.89228, 1.45281
2.82186, 2.04
-2.39977, -1.34508
-1.64238, -0.858888
1.13731, 0.950954
3.58476, 2.49843
2.43036, 1.7826
-2.25352, -1.26339
-1.40611, -0.725173
-2.61142, -1.48851
0.88027, 0.770788
2.41782, 1.75741
0.47949, 0.500928
-0.246149, 0.0258125
-3.6421, -2.17622
1.59576, 1.21582
-1.81342, -0.97788
3.87387, 2.68554
-2.68844, -1.56361
0.817298, 0.706631
-0.788079, -0.336274
-2.10185, -1.18148
2.10259, 1.5295
2.87676, 2.04365
1.04673, 0.836873
3.5119, 2.42529
-2.13281, -1.23811
4.23292, 2.90964
1.658, 1.21493
-3.19347, -1.91118
1.16536, 0.896166
-0.772036, -0.34175
2.77661, 1.9535
1.60774, 1.20474
-1.52716, -0.844496
-0.108229, 0.0822149
-1.09807, -0.572219
-3.06348, -1.846
-3.06291, -1.85356
4.43825, 3.0271
4.03605, 2.719
-0.388222, -0.108944
0.00877891, 0.135914
1.76363, 1.3015
-1.41007, -0.805621
-1.92527, -1.13163
1.18466, 0.877963
2.52906, 1.75439
0.0492474, 0.135233
1.62716, 1.1519
0.241546, 0.260217
2.30963, 1.59816
-2.71685, -1.66034
1.99821, 1.38493
3.67408, 2.46072
4.57965, 3.05703
-0.87108, -0.481721
3.02725, 2.03718
0.111802, 0.155398
0.676482, 0.514465
2.76526, 1.86969
0.617148, 0.478998
4.06927, 2.73622
0.906514, 0.662135
4.14583, 2.76688
0.69367, 0.53011
3.67943, 2.46573
-3.18634, -2.00339
-2.4656, -1.543
2.18664, 1.48309
-2.45827, -1.52965
3.72605, 2.47243
0.963657, 0.687003
1.57295, 1.0657
4.28003, 2.83051
0.643677, 0.466946
-1.17106, -0.715246
-3.71439, -2.35463
1.41133, 0.961843
-1.826, -1.13875
-3.26656, -2.07924
2.86187, 1.88578
-0.129968, -0.0477864
-2.99981, -1.90811
4.07758, 2.6858
0.737256, 0.461189
-0.722741, -0.443946
1.38363, 0.917513
-2.55302, -1.6151
1.34604, 0.880317
2.31417, 1.53431
3.01987, 1.96037
-1.43884, -0.928577
-2.18134, -1.41695
1.94602, 1.25464
-0.0339902, -0.0303873
0.379961, 0.234822
3.32951, 2.14863
0.916721, 0.580616
0.556436, 0.359399
-0.736002, -0.500147
3.24403, 2.07276
4.30848, 2.80966
-2.62018, -1.74937
0.0459616, 0.000112819
2.69094, 1.67504
3.11116, 1.98145
-2.94088, -1.9347
1.96999, 1.24505
1.42767, 0.891498
0.556977, 0.31639
3.09405, 1.96754
0.76428, 0.459309
2.907, 1.84008
-2.88005, -1.90715
3.13423, 1.99614
0.179724, 0.0697042
2.6032, 1.62812
3.91185, 2.57692
1.49699, 0.924791
0.815665, 0.477699
-3.52683, -2.32967
1.92972, 1.26348
4.23485, 2.68443
-0.889791, -0.641386
-2.24018, -1.52121
-2.56705, -1.72445
4.5549, 2.88639
-1.94549, -1.33498
1.0435, 0.607964
-3.24344, -2.1822
3.10373, 1.931
2.73337, 1.68237
3.21686, 2.01185
-2.24996, -1.55842
1.47117, 0.858884
3.34069, 2.07798
0.652838, 0.362942
-2.56954, -1.75181
-3.10689, -2.11169
2.17358, 1.32233
-3.3583, -2.27211
-2.48722, -1.70019
-2.70022, -1.83862
4.25799, 2.65338
1.0219, 0.566383
-1.55431, -1.11427
0.948085, 0.521009
3.7341, 2.31378
0.657654, 0.305121
4.68453, 2.93188
-2.97873, -2.04417
2.40452, 1.43187
-2.89403, -2.00158
-0.515449, -0.453044
-3.28764, -2.25187
1.29038, 0.706797
4.07827, 2.51154
4.40013, 2.72729
2.27003, 1.32756
-1.991, -1.43173
-0.392345, -0.410562
3.70434, 2.25324
-2.05817, -1.48165
-1.24118, -0.969045
1.25334, 0.667894
-2.51063, -1.79901
-1.73859, -1.28869
1.98653, 1.13822
-1.69408, -1.25813
-1.45713, -1.10885
-0.804214, -0.687187
4.15193, 2.53201
1.22457, 0.61568
1.95844, 1.07959
-0.458121, -0.478064
-1.45319, -1.12924
-1.20889, -0.974853
1.18526, 0.578356
-0.284409, -0.386003
-3.0487, -2.17275
2.65166, 1.52565
1.50321, 0.77557
-0.0300723, -0.220809
-1.36236, -1.08619
4.70544, 2.84984
1.8886, 1.02156
1.72081, 0.927776
1.16658, 0.539079
1.17755, 0.5532
-1.82182, -1.39556
1.7658, 0.920935
-2.82474, -2.05856
2.14667, 1.16214
-0.524977, -0.553791
1.80752, 0.945335
-1.60566, -1.27324
-3.50298, -2.50587
-1.64685, -1.29965
4.63479, 2.79866
-3.5062, -2.5021
3.7457, 2.21589
3.2214, 1.83076
-0.0972398, -0.300538
-3.24179, -2.3511
-0.19662, -0.357432
2.46488, 1.35479
-2.29877, -1.7633
2.04646, 1.08713
4.53115, 2.69246
2.35, 1.27396
0.336019, -0.0296106
3.02738, 1.70901
1.12423, 0.469332
4.18321, 2.46374
2.83786, 1.58149
2.5842, 1.41729
3.0329, 1.70572
4.18272, 2.45317
3.47408, 2.00289
0.601873, 0.128239
-1.95593, -1.52738
-2.56341, -1.93773
2.30335, 1.21868
-1.85496, -1.48662
4.21418, 2.47311
-0.259732, -0.44947
-2.73774, -2.05607
4.58194, 2.69569
4.34155, 2.58352
3.28377, 1.85397
-1.22201, -1.07852
3.34993, 1.85294
3.74671, 2.14056
1.59266, 0.736107
0.758647, 0.174672
1.80968, 0.905954
2.18975, 1.12525
4.36152, 2.51362
-1.62345, -1.35457
-0.97865, -0.935071
2.0424, 1.00363
3.6124, 2.02055
0.1805, -0.199656
-2.51786, -1.95363
2.77733, 1.43773
1.96326, 0.943591
2.00566, 0.97913
0.981503, 0.314633
-0.263013, -0.505483
4.6095, 2.62086
-0.648362, -0.753164
2.66561, 1.38641
1.35502, 0.527139
-0.558694, -0.695519
-3.14494, -2.37318
4.15534, 2.34847
0.799636, 0.170791
-2.45386, -1.94864
3.70417, 2.05811
3.22224, 1.74233
-0.275495, -0.53671
2.87334, 1.50884
-2.27673, -1.82689
4.3873, 2.49544
4.76693, 2.7475
3.21492, 1.72161
2.21266, 1.07693
0.916021, 0.232611
-0.727927, -0.831211
-2.06586, -1.70967
-2.68469, -2.1121
-1.9937, -1.6752
3.48858, 1.92205
1.15778, 0.360166
4.2752, 2.37045
-1.21459, -1.20539
-3.25694, -2.50792
-1.14129, -1.13114
-2.4669, -2.00096
4.43661, 2.42277
3.53114, 1.90499
2.99711, 1.53531
0.869753, 0.154469
-1.40262, -1.30276
2.29081, 1.08317
-2.00168, -1.69946
1.24125, 0.412656
-0.509497, -0.735061
-0.145401, -0.500348
0.803234, 0.11567
3.37365, 1.78099
0.154258, -0.319235
-1.84387, -1.61149
-0.912868, -1.00347
-1.9479, -1.68189
1.94664, 0.838713
3.6636, 1.94868
-2.64679, -2.14204
-0.256242, -0.615776
1.02287, 0.216968
1.42376, 0.491286
4.09805, 2.21766
2.78793, 1.38509
4.72806, 2.62126
2.56355, 1.21641
0.663432, -0.0377951
2.06787, 0.883906
0.89816, 0.125129
4.30327, 2.33278
3.47639, 1.79825
-1.84362, -1.66537
0.125911, -0.380431
1.55584, 0.527145
0.33651, -0.267718
-1.76618, -1.63881
2.96283, 1.43443
0.190777, -0.373413
-2.3418, -2.00395
3.91192, 2.00953
-1.45764, -1.43967
1.94392, 0.751523
-0.397982, -0.764727
-0.448116, -0.805263
3.27621, 1.61494
-2.6907, -2.24725
1.51501, 0.475587
2.67932, 1.21566
-0.528088, -0.850947
3.57712, 1.80987
1.16598, 0.238835
0.102283, -0.43656
4.759, 2.54318
0.983554, 0.106599
-0.736053, -1.01537
2.69283, 1.20211
2.23204, 0.907619
1.7293, 0.5641
-0.80899, -1.07436
-0.378145, -0.792826
3.38373, 1.63031
2.13853, 0.812911
0.913132, 0.0423772
-0.710747, -1.00356
2.84443, 1.28952
3.72366, 1.82607
4.06334, 2.05581
4.79628, 2.52298
3.50368, 1.67759
3.75775, 1.86544
1.02285, 0.093621
3.7507, 1.85755
0.73088, -0.0960168
1.7301, 0.555475
4.77755, 2.52393
-0.66106, -1.02519
1.60651, 0.454691
-2.9729, -2.50796
-0.84859, -1.16633
-2.94455, -2.50533
-0.566322, -0.95876
-1.74863, -1.72885
4.2201, 2.14787
0.520197, -0.274281
-1.41055, -1.51788
1.52389, 0.346745
4.0889, 2.03154
1.81658, 0.565415
1.69521, 0.487761
0.219148, -0.46012
-0.944023, -1.23621
0.963444, -0.0165121
-2.08102, -1.95674
3.3063, 1.49139
1.98053, 0.644177
4.65813, 2.3695
4.16544, 2.04039
-2.39826, -2.20076
0.534296, -0.310413
2.55162, 1.00282
-2.15495, -2.04486
1.55942, 0.361965
3.50428, 1.61305
-1.97073, -1.93463
-3.0737, -2.63334
-1.4639, -1.61874
1.0009, -0.0178956
1.47481, 0.290142
3.80169, 1.80448
-2.17013, -2.07548
-0.262144, -0.838269
-2.03008, -1.99425
2.6227, 1.02227
-1.80423, -1.85317
1.55787, 0.331372
4.83273, 2.45054
1.91131, 0.554861
4.07896, 1.96479
0.259361, -0.499532
4.48742, 2.2255
-0.308813, -0.895597
-1.97884, -1.99071
1.47385, 0.244678
-2.13314, -2.09954
-2.46064, -2.30783
0.353462, -0.493051
-1.59703, -1.75439
2.70871, 1.02402
1.03841, -0.0538487
-3.33572, -2.88513
-2.62822, -2.42465
1.07399, -0.0548893
3.95243, 1.82491
3.50542, 1.51253
-2.42037, -2.30464
2.77511, 1.06481
-0.683743, -1.17078
4.38952, 2.10906
2.85004, 1.10223
3.64261, 1.60397
4.49368, 2.12223
4.12534, 1.93168
1.11011, -0.0363096
-3.12246, -2.75634
4.7849, 2.34703
-2.74779, -2.54474
3.83087, 1.7034
-0.930983, -1.38226
-0.736871, -1.23249
0.845364, -0.261424
-0.998217, -1.42256
0.0252971, -0.762417
-0.840753, -1.35715
0.29768, -0.599111
-1.84433, -1.98835
3.14745, 1.23976
1.48356, 0.148897
2.32916, 0.694698
1.41324, 0.125195
4.85525, 2.33127
2.59918, 0.865863
-1.95446, -2.09638
-3.00334, -2.76647
3.38867, 1.37117
-1.67233, -1.90945
2.15638, 0.577567
2.25087, 0.618654
-0.543184, -1.2154
3.22243, 1.25191
3.32487, 1.27104
3.80485, 1.6155
-2.8534, -2.69135
1.20528, -0.074165
4.84122, 2.26483
-0.780388, -1.36158
4.2711, 1.89292
4.4607, 2.0328
-2.44941, -2.45546
0.132265, -0.777557
0.453942, -0.598856
4.76178, 2.22947
-3.13371, -2.94161
3.91013, 1.65751
1.35017, -0.0107591
0.638159, -0.471362
1.58808, 0.143633
4.98441, 2.33175
-0.570005, -1.2714
0.225799, -0.755591
-2.73375, -2.66774
4.22333, 1.83086
-2.90038, -2.76291
-2.61171, -2.59275
-2.8082, -2.71737
3.10637, 1.11988
-1.54391, -1.89024
-1.92556, -2.14289
4.61559, 2.08728
1.30758, -0.0708446
1.506, 0.0787946
-3.21778, -3.00222
1.18627, -0.137427
-3.04869, -2.89916
-1.82155, -2.12322
0.965433, -0.300058
-2.57633, -2.59249
2.75182, 0.862587
-0.388434, -1.15653
-0.187244, -1.05389
4.03106, 1.67246
-1.56728, -1.94915
-1.91225, -2.18228
-1.21209, -1.72812
2.76892, 0.838396
3.46359, 1.28397
-0.547102, -1.29895
-3.10615, -2.96612
4.75594, 2.13224
3.43991, 1.27662
-0.395233, -1.20686
3.13579, 1.08012
-3.23539, -3.05662
-1.94438, -2.2189
1.24157, -0.184293
2.81019, 0.849719
2.60938, 0.724365
-1.40872, -1.89044
1.76211, 0.171366
4.47388, 1.92279
-2.34932, -2.50212
4.24948, 1.75818
-2.85491, -2.80802
0.217792, -0.843319
-0.32597, -1.2048
-0.728933, -1.41694
-0.550918, -1.35719
-0.684304, -1.44983
0.342803, -0.784562
2.14804, 0.384863
1.67126, 0.0587268
0.404508, -0.766527
-3.15322, -3.06361
-1.13913, -1.74157
1.41057, -0.0945873
-0.57576, -1.39499
1.38409, -0.126545
1.37584, -0.137127
-0.345639, -1.26008
0.234886, -0.884029
1.35692, -0.157326
5.02682, 2.21581
2.03111, 0.284755
-2.77408, -2.83031
-2.81434, -2.92127
4.21704, 1.69672
2.67559, 0.68531
1.93458, 0.208082
2.43981, 0.541187
-2.1926, -2.46953
-1.60856, -2.09524
1.49508, -0.0903671
-3.11071, -3.07825
-0.456279, -1.34514
0.315237, -0.856115
4.55138, 1.87693
5.13006, 2.27254
-1.17492, -1.82855
-0.238193, -1.21985
1.64061, -0.0149716
-1.96458, -2.34698
0.716089, -0.624431
-3.21617, -3.16297
5.08583, 2.25253
1.10599, -0.364581
-1.19508, -1.86218
-3.24966, -3.18864
4.28314, 1.67463
1.91603, 0.151574
2.2438, 0.356071
-2.86686, -2.93729
4.97437, 2.12616
3.79435, 1.35443
1.05738, -0.426707
3.21788, 0.993652
-0.436809, -1.3698
1.9796, 0.175532
-1.79158, -2.26776
4.88772, 2.07122
1.36577, -0.222089
3.44503, 1.12136
1.83155, 0.0691718
-1.75813, -2.23868
0.972683, -0.50716
1.83579, 0.0889379
3.95588, 1.44861
2.6177, 0.578125
0.929683, -0.507197
1.56646, -0.0948758
-1.00594, -1.7863
1.61472, -0.0722839
-1.22109, -1.91151
1.97334, 0.151798
2.89221, 0.75441
4.99386, 2.10719
3.46218, 1.11522
-3.0194, -3.08267
2.58866, 0.535508
5.15322, 2.2018
-2.29944, -2.63482
3.59876, 1.18836
4.53841, 1.79173
4.55148, 1.86162
0.946923, -0.527213
1.62016, -0.114033
3.16753, 0.8999
-0.537127, -1.48617
0.0538127, -1.12132
3.97109, 1.40508
2.40159, 0.37369
0.60343, -0.7494
-0.311407, -1.38067
2.32824, 0.348819
3.65339, 1.19526
-2.37883, -2.71788
-0.637026, -1.59558
3.07523, 0.818274
2.36281, 0.340822
3.60584, 1.16176
1.56015, -0.191837
4.63586, 1.81689
2.45744, 0.399724
4.93697, 1.99922
1.40107, -0.294114
1.49663, -0.230813
4.25029, 1.54756
0.499553, -0.900199
1.52478, -0.234749
-2.34845, -2.74305
3.70493, 1.1729
2.87429, 0.653167
0.616186, -0.836425
-3.0665, -3.21581
3.18679, 0.824359
3.41273, 0.983972
-2.24104, -2.69031
4.59074, 1.71136
0.0924402, -1.18088
3.359, 0.932896
0.251564, -1.0867
5.0444, 2.05886
-2.8707, -3.11205
0.986806, -0.62489
-2.68684, -3.00199
2.46154, 0.33587
0.232935, -1.11006
-1.26876, -2.09134
1.86246, -0.0568208
3.65836, 1.09649
0.859575, -0.685076
-1.83685, -2.44925
0.909802, -0.680823
4.18072, 1.43023
4.75621, 1.78729
-1.94896, -2.54034
-3.03314, -3.24685
2.11894, 0.0625413
-1.9167, -2.51747
5.09217, 2.02172
0.895315, -0.710199
1.95707, -0.0355108
3.41307, 0.896841
0.751442, -0.835792
2.07876, 0.0371253
3.83624, 1.17647
2.43665, 0.243787
2.79108, 0.495987
-2.45061, -2.90754
1.42583, -0.399887
0.620637, -0.926821
-2.5704, -2.99785
4.80249, 1.74544
1.011, -0.670088
2.44512, 0.255188
1.83157, -0.139698
0.771104, -0.834015
5.24225, 2.05284
-2.57553, -3.00902
1.37501, -0.446088
-0.02694, -1.35245
4.88204, 1.84932
0.867132, -0.76623
-2.47567, -2.94701
3.52811, 0.956955
2.75199, 0.438337
3.47699, 0.903912
0.0835553, -1.28784
0.477321, -1.04513
-0.525131, -1.68247
4.00086, 1.23731
-1.17471, -2.11766
0.698386, -0.912443
-2.57386, -3.0294
2.30325, 0.13674
1.22272, -0.574833
2.32871, 0.135059
3.66721, 1.00443
2.837, 0.463838
2.53663, 0.240915
0.929643, -0.793136
-0.853427, -1.94074
-0.986316, -2.0312
2.6502, 0.319217
2.62243, 0.287043
2.40541, 0.162922
0.992575, -0.789612
1.28411, -0.573989
4.02844, 1.19738
2.27828, 0.0585921
0.25272, -1.25061
2.88683, 0.467489
-0.63694, -1.8212
1.58085, -0.38468
-1.49852, -2.38269
-2.37729, -2.96535
3.49173, 0.838115
0.671582, -0.994492
0.108297, -1.35952
1.25534, -0.614076
0.181825, -1.31495
4.69389, 1.6119
0.0532933, -1.39107
3.89336, 1.07129
1.74308, -0.32592
0.274031, -1.27317
-0.0203812, -1.45714
-2.86542, -3.3028
0.95542, -0.835176
3.19724, 0.626269
-1.29183, -2.29096
2.36447, 0.0689593
-1.35034, -2.33427
5.07161, 1.83838
0.907513, -0.876507
-0.366872, -1.69573
2.64925, 0.252284
-2.90299, -3.3543
3.21211, 0.604894
-1.93109, -2.73369
-1.00082, -2.12361
4.39399, 1.37554
1.12286, -0.75362
5.19641, 1.87889
-0.657794, -1.90425
2.79742, 0.319658
4.08158, 1.14562
-0.632424, -1.90203
-0.890717, -2.07292
-1.0179, -2.1596
-1.81508, -2.65624
-1.40018, -2.39879
-1.39499, -2.36188
3.78252, 0.943025
-1.05874, -2.18169
3.82134, 0.988695
3.88418, 1.00628
0.466859, -1.20798
4.11093, 1.14959
-2.77605, -3.30938
-1.62382, -2.56408
-1.69404, -2.62072
-1.40143, -2.43541
1.50366, -0.554429
5.23826, 1.88151
5.04208, 1.71387
-1.96389, -2.7914
0.0370364, -1.53956
3.39839, 0.654846
2.48172, 0.0454413
-1.08383, -2.25182
2.58981, 0.124047
2.8423, 0.286434
-1.576, -2.58517
3.29239, 0.586474
-1.48714, -2.52569
0.491558, -1.25244
-0.339722, -1.79535
-0.235244, -1.73222
-1.76064, -2.72394
2.62602, 0.130782
2.64045, 0.142336
4.89129, 1.5634
1.48673, -0.616313
2.57828, 0.0968691
0.295494, -1.38817
-2.43504, -3.15837
3.22101, 0.503058
2.72837, 0.166403
3.20342, 0.483993
-0.583581, -1.96667
1.07022, -0.872036
0.372964, -1.35185
2.67323, 0.142114
2.47005, 0.0222751
0.803043, -1.07223
0.0612029, -1.57106
-0.983299, -2.19827
0.129029, -1.52269
-1.63721, -2.67328
-1.82885, -2.79063
-0.145505, -1.70354
1.57489, -0.589121
5.13189, 1.7157
0.014921, -1.59467
5.21173, 1.75081
-2.31743, -3.11826
-0.280251, -1.79155
1.89877, -0.381321
4.64676, 1.40059
-1.80324, -2.78784
-2.80665, -3.43875
0.218592, -1.5004
2.89989, 0.243469
-2.00238, -2.95621
4.2679, 1.13573
0.103734, -1.57085
-0.178192, -1.76425
1.05575, -0.973997
-0.295224, -1.84621
1.63059, -0.593341
-0.18486, -1.77381
-2.36311, -3.17778
-1.00233, -2.29402
-2.78682, -3.46681
-0.743425, -2.12736
0.232255, -1.51657
4.72641, 1.4059
4.2997, 1.13586
5.34227, 1.80497
0.543769, -1.31794
4.22094, 1.06487
-1.34942, -2.53879
3.99221, 0.914185
2.61, 0.0131925
-0.10038, -1.74316
-0.289912, -1.85924
2.20049, -0.235037
-0.423115, -1.96184
-2.81747, -3.50643
2.3688, -0.148817
5.34341, 1.7797
-1.89131, -2.91974
3.89583, 0.843709
5.27751, 1.70743
-1.295, -2.54847
-2.3236, -3.2098
-1.46432, -2.64836
2.06582, -0.36176
3.85025, 0.788449
3.10239, 0.309227
2.31785, -0.19792
-1.1344, -2.44893
-2.1102, -3.09179
5.20192, 1.65922
2.40333, -0.160025
3.91756, 0.807855
1.59326, -0.696547
2.90151, 0.142131
-1.6412, -2.79579
-0.5529, -2.08698
-1.76, -2.87136
-0.101022, -1.80611
2.42201, -0.158246
2.62268, -0.050298
-1.2076, -2.52678
2.89581, 0.0660267
1.70972, -0.643518
2.51099, -0.0741779
-1.96815, -3.04105
5.04642, 1.51872
-1.03532, -2.42013
-0.958885, -2.38036
2.23634, -0.311341
-2.39546, -3.31359
2.87018, 0.111796
1.09663, -1.0898
-1.57788, -2.79545
-0.973415, -2.39328
4.6801, 1.26991
2.71546, -0.038522
-1.69772, -2.89174
-1.90758, -3.02111
3.04985, 0.187049
-2.24146, -3.25259
2.5901, -0.1175
-2.11089, -3.15992
-1.42423, -2.72251
4.37915, 1.04082
3.17999, 0.251117
0.0342538, -1.7928
2.42279, -0.253008
5.40845, 1.712
1.61603, -0.779292
4.43201, 1.04794
-0.950622, -2.45134
1.02698, -1.15991
5.22816, 1.5666
4.174, 0.874603
-2.26106, -3.30017
-2.82815, -3.6699
-0.0069656, -1.84927
3.31332, 0.302323
4.62694, 1.15381
0.940856, -1.24076
-1.62784, -2.91093
1.43835, -0.921839
3.16811, 0.196186
2.15505, -0.460678
-2.25643, -3.33665
4.72237, 1.20524
-1.26995, -2.67698
-1.89058, -3.09541
-0.611918, -2.26355
2.29251, -0.37974
3.93664, 0.71481
-1.41333, -2.80404
1.10716, -1.1576
-0.67462, -2.30897
-0.611427, -2.25316
5.40527, 1.64229
4.87267, 1.29741
2.98857, 0.0741039
-0.795029, -2.37864
-1.56629, -2.90327
-0.613252, -2.26047
4.04167, 0.751702
-2.80708, -3.6925
5.47743, 1.67433
-1.58923, -2.90551
-1.40353, -2.78804
3.11051, 0.130169
5.24959, 1.52422
-2.46638, -3.48588
2.70115, -0.147258
2.7192, -0.134547
-1.16341, -2.65651
3.2127, 0.180077
4.75151, 1.16438
4.4995, 1.00271
-0.503162, -2.22901
0.110319, -1.86614
4.98577, 1.2985
5.18644, 1.43194
-0.648102, -2.38116
-2.52757, -3.56632
3.95278, 0.629614
-2.43641, -3.51742
-2.4713, -3.53746
4.04733, 0.673258
1.36111, -1.06176
5.38521, 1.55221
4.86026, 1.21059
-0.0751524, -2.00523
3.54849, 0.353047
2.52539, -0.329904
3.78134, 0.484461
3.92795, 0.562963
5.06938, 1.2891
1.74712, -0.842248
-1.94482, -3.26356
1.5012, -1.00559
4.0598, 0.651541
0.489667, -1.6615
0.0353586, -1.97413
2.48691, -0.383973
4.53035, 0.94471
1.14628, -1.28365
-0.398895, -2.25707
-1.31764, -2.85516
4.46697, 0.887156
3.20021, 0.0747094
0.598241, -1.60635
-1.05332, -2.69272
-2.30731, -3.51434
-1.8916, -3.252
-1.37593, -2.91289
0.956804, -1.41381
0.411651, -1.76974
1.84083, -0.842712
-2.55351, -3.68766
5.25117, 1.36716
-1.49392, -3.01295
0.281199, -1.86075
4.54311, 0.905676
2.8035, -0.236379
-1.66773, -3.12478
1.67499, -0.957533
-1.41664, -2.95949
-2.50691, -3.68331
-1.25534, -2.88336
2.6986, -0.311163
3.74083, 0.362205
1.79186, -0.900764
5.27281, 1.353
-2.18543, -3.49155
0.871429, -1.49265
-1.86033, -3.28015
0.47533, -1.7578
4.02631, 0.562476
2.46321, -0.486799
-1.74319, -3.20488
0.536288, -1.73184
2.23437, -0.636307
3.5283, 0.203301
1.76854, -0.938934
4.20661, 0.629754
-2.27317, -3.54887
5.51005, 1.4678
4.47662, 0.814039
-2.10246, -3.48556
-2.03891, -3.42372
4.68352, 0.935873
-0.395197, -2.34065
-1.00307, -2.75488
3.19991, -0.0569308
3.20092, -0.0933656
1.40942, -1.19346
-1.42008, -3.02725
-0.713032, -2.57631
3.9814, 0.466546
1.02571, -1.45259
0.235728, -1.96259
2.36367, -0.597273
-0.585266, -2.51226
4.80829, 0.99317
-0.864079, -2.68045
-0.460082, -2.42678
-1.36889, -3.00512
2.96064, -0.205041
-0.183376, -2.25086
3.7829, 0.33359
3.04654, -0.173967
0.425308, -1.85698
2.33696, -0.61085
1.47295, -1.19419
-1.23973, -2.94001
-0.654987, -2.56904
1.2648, -1.31858
-1.19483, -2.93985
-2.52791, -3.76301
0.273192, -1.97246
4.95979, 1.05859
1.64843, -1.08069
-2.74172, -3.92661
1.30265, -1.30326
1.09404, -1.44709
5.09968, 1.14261
4.85506, 0.987974
-2.34762, -3.67907
0.254511, -1.99236
3.32635, -0.00470935
2.5796, -0.497679
-1.90345, -3.40538
3.53226, 0.110991
5.61155, 1.44505
2.57358, -0.490147
2.13816, -0.780744
1.48906, -1.20679
-0.999478, -2.81624
-0.711233, -2.61904
1.40777, -1.27851
5.36236, 1.2871
-1.74771, -3.32026
0.284913, -2.01927
0.0319953, -2.18062
1.18018, -1.4417
-2.66663, -3.91667
-0.683794, -2.66089
1.54347, -1.21391
-2.54466, -3.86083
5.45807, 1.3356
0.875001, -1.6975
-0.399089, -2.48549
0.511587, -1.88388
2.83828, -0.410613
-2.13082, -3.59469
0.544831, -1.86374
0.745315, -1.73585
-0.472501, -2.54688
2.68113, -0.493661
0.114707, -2.1603
-0.746086, -2.72285
-1.03979, -2.91211
0.954239, -1.61043
2.17038, -0.837123
4.57566, 0.72829
-1.39249, -3.15175
1.11603, -1.5311
4.23791, 0.444865
-0.529377, -2.59807
2.86404, -0.384307
5.3757, 1.22989
2.11184, -0.88514
-2.33196, -3.76973
4.30735, 0.510859
0.529904, -1.95621
3.76737, 0.208147
-0.164671, -2.3638
-1.99574, -3.58435
0.832053, -1.74498
3.34261, -0.130408
-0.795242, -2.80468
-1.29272, -3.13437
1.89809, -1.07365
2.45251, -0.725255
5.3384, 1.15706
3.73563, 0.140217
3.93608, 0.250073
-0.224761, -2.44891
2.60557, -0.607592
-1.47041, -3.26837
-0.566568, -2.7072
-1.43193, -3.25572
3.97223, 0.255592
2.12603, -0.947929
5.67643, 1.34434
4.59242, 0.640636
-1.03354, -3.0017
5.57705, 1.27896
-2.63473, -4.08823
-1.83096, -3.53498
-2.54064, -3.98422
5.02079, 0.900048
-1.14036, -3.0744
0.344802, -2.12175
4.54563, 0.603223
5.31827, 1.10717
3.20351, -0.27942
3.7177, 0.075416
3.58767, -0.0381486
5.38907, 1.13971
-1.45022, -3.30126
0.609118, -1.96663
2.88588, -0.480592
1.07261, -1.67445
-0.69536, -2.82672
-1.1804, -3.14253
3.01748, -0.416845
5.48944, 1.17486
4.33916, 0.423909
4.51442, 0.539158
-2.46781, -3.98663
-2.0761, -3.74029
3.22738, -0.308465
2.26504, -0.928191
-1.51595, -3.39487
0.603848, -1.99417
-0.93875, -3.01015
2.63231, -0.703825
0.133501, -2.34745
1.49906, -1.4462
-0.797018, -2.92589
4.63794, 0.570094
5.55576, 1.18458
5.72221, 1.26495
4.01021, 0.19357
1.15317, -1.67973
4.15432, 0.251937
2.43695, -0.861259
0.683122, -2.00651
-1.04481, -3.12686
2.96227, -0.528243
1.45366, -1.50596
-1.26856, -3.2734
1.61866, -1.38438
3.62131, -0.0975793
-2.13156, -3.83049
-2.37847, -4.00228
1.35943, -1.58481
0.498525, -2.14155
3.38333, -0.280235
4.69808, 0.582066
4.92345, 0.738256
1.64359, -1.40848
-1.52053, -3.46218
3.50246, -0.206841
0.358059, -2.24518
0.120505, -2.4005
1.12558, -1.75837
3.075, -0.517182
2.43619, -0.912965
3.57707, -0.17646
0.0526995, -2.48196
-0.168808, -2.62732
3.61363, -0.166309
0.760445, -2.01738
-0.859141, -3.07496
5.63231, 1.15486
3.8517, -0.0186577
-1.17247, -3.28453
-1.56605, -3.53638
2.18943, -1.10296
3.92792, 0.00677094
-1.08282, -3.22609
-0.866676, -3.0845
-1.743, -3.65545
3.20104, -0.452885
4.96207, 0.681575
-1.14119, -3.3023
-0.496829, -2.8606
2.90924, -0.649276
5.69684, 1.18751
3.04485, -0.604871
2.87581, -0.681892
-0.798047, -3.06676
3.91213, -0.0109081
-0.772635, -3.06065
-1.1788, -3.31679
-2.12332, -3.94173
0.671975, -2.12289
-1.30613, -3.40141
-0.0548253, -2.60119
1.4333, -1.6284
-0.593383, -2.95641
-0.274339, -2.73992
3.57489, -0.242528
0.172555, -2.47986
5.2157, 0.817198
0.371352, -2.32621
-0.628679, -2.97627
3.01429, -0.5886
-1.47449, -3.53968
-1.65978, -3.65123
-1.96593, -3.83156
1.58871, -1.55143
-0.34201, -2.78816
3.77657, -0.135519
-0.154386, -2.68587
0.407924, -2.32185
5.04848, 0.679517
0.544009, -2.23165
2.83791, -0.754135
-1.71054, -3.71818
-1.29156, -3.44803
-2.06825, -3.94763
0.0733891, -2.56026
5.01088, 0.634641
3.78361, -0.163058
0.559031, -2.23838
3.05737, -0.62364
4.10937, 0.0313393
1.02218, -1.9578
-2.2721, -4.06886
-0.583737, -2.99884
5.42723, 0.905998
4.66682, 0.40647
2.15797, -1.22099
5.63078, 1.03218
1.73288, -1.51038
-1.73104, -3.75055
-2.52688, -4.28241
0.998266, -1.99533
3.0782, -0.651647
4.66957, 0.374629
1.87333, -1.43856
1.52821, -1.66355
-0.91429, -3.24662
2.60965, -0.972736
3.05759, -0.663406
3.22031, -0.569394
2.36134, -1.12927
5.6014, 0.976745
-0.0777344, -2.73132
-0.326731, -2.87489
-0.254383, -2.85532
-0.841108, -3.21668
3.68091, -0.288292
1.1444, -1.92686
4.80296, 0.43708
-0.496995, -2.98798
4.40291, 0.159785
0.720688, -2.20783
1.50143, -1.716
-0.412204, -2.95591
4.90223, 0.459671
5.35775, 0.790467
-1.68636, -3.78279
5.22025, 0.674118
0.263858, -2.53447
0.955434, -2.08954
5.03681, 0.565802
4.97412, 0.512538
3.50769, -0.437401
1.23802, -1.93373
3.60309, -0.376072
2.29486, -1.23883
3.84577, -0.24079
2.92861, -0.808995
1.51516, -1.741
-1.52714, -3.71143
2.66172, -1.0029
0.156187, -2.62765
3.05689, -0.750374
-0.888561, -3.29878
-1.54455, -3.73677
-2.2803, -4.20545
2.76979, -0.95136
0.726742, -2.27152
3.3334, -0.591413
-0.474312, -3.05617
-1.33256, -3.62827
4.41395, 0.103623
5.60597, 0.887184
1.71966, -1.65463
-0.446427, -3.09641
1.64572, -1.71159
-2.14192, -4.15328
2.15814, -1.38165
2.40809, -1.23548
0.16548, -2.67102
-1.64829, -3.86797
3.65245, -0.423691
0.625411, -2.38022
2.92091, -0.908537
3.47674, -0.551045
-1.38365, -3.77762
3.61973, -0.47431
2.63886, -1.09419
0.048914, -2.79522
2.09525, -1.45011
5.58001, 0.811995
0.96661, -2.19069
3.59649, -0.484198
-0.512347, -3.16936
1.37659, -1.93089
5.63447, 0.835676
1.10764, -2.10109
1.69204, -1.72711
4.15969, -0.126322
-0.200564, -2.96227
-0.924307, -3.43725
3.83287, -0.352219
1.94761, -1.57282
1.33458, -1.98493
3.15839, -0.794111
4.47222, 0.0556953
-1.77217, -4.0171
-1.30824, -3.70583
0.81448, -2.31164
-2.23328, -4.24612
5.05158, 0.425806
3.06584, -0.86904
-1.29282, -3.69004
3.73755, -0.419629
2.96294, -0.935662
1.13083, -2.12109
-1.80475, -4.02694
3.26458, -0.744416
2.09862, -1.49926
-1.287, -3.70502
-1.84321, -4.06722
0.392449, -2.61804
4.79365, 0.234341
-2.18607, -4.26884
0.70787, -2.41948
-1.51464, -3.86094
0.81341, -2.35452
5.24759, 0.513767
3.50338, -0.631611
-1.11692, -3.64222
-1.57825, -3.93192
3.26968, -0.793264
-1.22418, -3.69338
4.89052, 0.272231
0.172987, -2.79253
1.30218, -2.05138
3.17941, -0.866312
-0.822066, -3.45088
-1.90907, -4.15309
2.99699, -0.985182
5.83485, 0.917234
1.51744, -1.9381
1.50327, -1.95873
2.6959, -1.19312
0.742667, -2.46291
3.02848, -0.967415
2.51614, -1.31142
-0.476268, -3.25851
-1.04582, -3.61935
0.567664, -2.5815
1.51536, -1.96281
0.273116, -2.77614
3.89625, -0.438301
1.09293, -2.23596
1.769, -1.79786
0.379926, -2.70368
0.163384, -2.85098
2.44676, -1.37708
4.4476, -0.093065
0.0829659, -2.91622
1.09349, -2.2778
0.495983, -2.65312
-2.15796, -4.38534
-0.287143, -3.1842
1.84275, -1.7844
2.58382, -1.31944
-0.391278, -3.23755
0.804406, -2.46234
-1.7527, -4.14028
5.86922, 0.807589
-1.86439, -4.22006
-2.17695, -4.37249
5.66672, 0.6588
1.15665, -2.27946
0.156524, -2.94015
1.99715, -1.72574
4.71999, 0.0443555
-0.501458, -3.3709
4.29199, -0.252459
-1.95924, -4.34412
4.9049, 0.138909
5.17593, 0.312724
-0.805352, -3.56269
1.68931, -1.97133
3.90043, -0.523555
1.33043, -2.19323
-1.68465, -4.14428
3.05264, -1.09259
1.9347, -1.79595
3.88582, -0.555675
1.15608, -2.30954
1.71498, -1.92894
-1.09554, -3.80146
1.09606, -2.36241
1.92323, -1.82366
5.74162, 0.672722
3.45187, -0.838446
4.5241, -0.142394
4.07821, -0.442689
0.941438, -2.47
2.11704, -1.71253
2.9571, -1.16312
1.16055, -2.32068
-1.45995, -4.03904
-0.741958, -3.56807
0.358469, -2.87753
5.50155, 0.499691
-0.376459, -3.35335
1.9419, -1.82304
-0.172245, -3.19985
6.01444, 0.811344
0.0674845, -3.04492
0.882069, -2.53871
1.54135, -2.10778
2.763, -1.31585
4.17116, -0.407717
0.835962, -2.56487
5.38478, 0.37486
0.871471, -2.54841
3.20758, -1.04539
3.63863, -0.759379
3.07479, -1.13365
5.46666, 0.417611
4.23896, -0.38333
2.24003, -1.67799
1.28737, -2.27948
-0.0613796, -3.17791
-0.156461, -3.23878
-0.844948, -3.67042
2.50456, -1.52179
-0.474237, -3.45706
5.03149, 0.112833
1.48653, -2.2036
2.02145, -1.84238
1.07093, -2.47485
4.64383, -0.146092
5.15665, 0.167653
3.44279, -0.940065
2.72669, -1.39033
0.0919538, -3.12817
1.93746, -1.90718
1.48845, -2.21169
2.02749, -1.87216
4.11626, -0.523339
0.773894, -2.68133
-0.379255, -3.47742
-1.46633, -4.12686
3.72254, -0.778542
1.35517, -2.28838
0.208824, -3.06106
-1.99757, -4.47773
0.325527, -2.9781
0.0597189, -3.16858
0.0319063, -3.17871
-0.202363, -3.35011
3.96297, -0.649476
1.68199, -2.13328
5.56474, 0.397549
5.83285, 0.560765
4.50838, -0.245144
-1.67506, -4.31074
0.0213377, -3.20834
5.18992, 0.129988
3.59585, -0.909297
-2.00522, -4.53194
4.25911, -0.504562
3.81435, -0.77053
1.15304, -2.50452
4.74962, -0.127037
-0.643805, -3.66691
4.1328, -0.567092
0.0925781, -3.20044
-0.0374408, -3.28963
4.39637, -0.417318
0.200294, -3.14492
2.32921, -1.76609
5.4366, 0.271077
4.70509, -0.219154
4.44862, -0.386357
2.91875, -1.38819
-1.97925, -4.55367
4.23062, -0.535308
5.98331, 0.667985
2.25461, -1.80978
0.616952, -2.875
4.57187, -0.316144
4.33901, -0.458507
4.48837, -0.387146
2.11243, -1.91173
4.53442, -0.357102
-2.24069, -4.72919
2.18759, -1.87841
1.03809, -2.61394
5.04111, -0.0186844
-0.815904, -3.81695
1.92216, -2.04875
-2.14264, -4.70219
5.13472, -0.0020161
0.309433, -3.1013
2.54982, -1.66576
1.52024, -2.35304
2.125, -1.97183
1.38092, -2.46223
-1.62142, -4.38795
-0.104042, -3.41778
0.239193, -3.19354
1.89997, -2.10631
2.02714, -2.04028
2.55616, -1.70081
1.68522, -2.26182
0.641725, -2.96008
2.18238, -1.94123
-0.735723, -3.83322
1.46879, -2.40629
3.74937, -0.936322
1.26659, -2.54769
4.40762, -0.512607
6.01811, 0.52552
5.66337, 0.299466
4.83679, -0.249589
0.0347824, -3.37564
1.25881, -2.5801
4.47417, -0.490424
3.88335, -0.883133
2.24026, -1.96035
1.48573, -2.44985
3.65923, -1.03846
-0.899159, -3.99618
5.76768, 0.33848
5.38444, 0.103939
2.68881, -1.66971
-0.305573, -3.61603
-1.15306, -4.1709
4.32577, -0.619105
1.62435, -2.3685
5.22182, -0.0492505
-1.76223, -4.56542
1.11996, -2.70425
-1.85907, -4.63601
-0.693345, -3.87197
-1.5571, -4.44053
2.05757, -2.1004
-1.2373, -4.22794
4.18499, -0.72973
1.93742, -2.19484
2.04694, -2.13548
3.058, -1.46598
-1.69778, -4.57336
0.978597, -2.81156
4.29288, -0.665225
3.74322, -0.992628
5.41428, 0.0702435
0.606082, -3.06868
0.403233, -3.1917
5.97312, 0.433408
2.72309, -1.69929
0.212558, -3.36727
4.75545, -0.381634
0.862631, -2.89555
3.24968, -1.3652
1.41282, -2.56019
3.6132, -1.13446
1.74063, -2.34078
3.34371, -1.31532
-0.458477, -3.79589
2.82232, -1.66142
0.350401, -3.26748
4.21465, -0.761332
5.05856, -0.217428
3.62791, -1.14998
3.84973, -1.01245
1.78516, -2.36453
-1.26595, -4.36286
3.61212, -1.175
2.57068, -1.85121
0.992532, -2.87277
4.27674, -0.757022
5.64707, 0.136229
2.54669, -1.89268
5.13921, -0.203294
1.28182, -2.70944
-1.87156, -4.75705
4.5415, -0.602447
1.43324, -2.6328
-0.0872795, -3.61018
-1.35906, -4.43427
5.76006, 0.19256
3.47175, -1.32734
-1.10914, -4.26815
6.01095, 0.357777
-0.220799, -3.72616
5.66632, 0.0658376
1.07179, -2.87613
3.12276, -1.56081
2.91055, -1.68536
-1.83624, -4.76819
0.657557, -3.16061
4.46838, -0.69551
-0.310296, -3.79232
-0.638836, -3.97838
4.58577, -0.592682
1.12722, -2.82239
5.9179, 0.245803
5.58716, 0.0518571
4.84567, -0.460049
-0.0431218, -3.6282
-0.725436, -4.05781
5.94374, 0.259474
2.12784, -2.23265
5.37962, -0.130244
4.56424, -0.634528
4.75455, -0.513848
2.24429, -2.14602
2.3144, -2.10252
6.05993, 0.34482
5.04166, -0.334765
-1.3621, -4.49318
-2.04423, -4.9173
2.14228, -2.24342
0.721323, -3.18866
5.57663, -0.0145247
0.91243, -3.01179
3.18418, -1.55762
3.25174, -1.50435
1.22807, -2.79191
4.76304, -0.498699
1.29604, -2.77185
6.25081, 0.439574
4.4344, -0.734324
-1.99213, -4.91657
3.93145, -1.0816
4.31984, -0.834006
-1.51309, -4.61278
-0.688118, -4.078
4.99789, -0.420354
-1.51052, -4.62294
5.55268, -0.0326114
3.41669, -1.42549
1.36356, -2.74548
0.727734, -3.1786
-0.225533, -3.79625
0.442501, -3.39242
5.48974, -0.089143
-0.714162, -4.10171
4.08958, -1.01946
3.30784, -1.52569
0.521344, -3.32223
-0.466527, -3.97314
-1.23599, -4.49056
-1.92512, -4.92025
5.12986, -0.348337
5.32027, -0.237462
-0.724282, -4.14736
0.00311339, -3.67789
4.98944, -0.441065
1.04516, -2.99934
6.28269, 0.416698
1.03025, -3.0152
1.44979, -2.73701
0.493333, -3.37794
2.21081, -2.25182
-1.06106, -4.38203
6.21645, 0.363833
6.08633, 0.241561
0.98934, -3.05241
4.92335, -0.518124
0.0296014, -3.68154
5.68809, -0.0145091
3.42489, -1.46985
-0.73444, -4.18856
2.77568, -1.91528
4.73889, -0.610775
2.5474, -2.0622
5.86971, 0.103266
-0.673348, -4.15399
3.87877, -1.19421
-1.24685, -4.52351
4.14775, -1.02738
-1.26614, -4.54647
4.50097, -0.809001
4.60493, -0.729849
5.88977, 0.0809183
-0.17474, -3.84563
1.5535, -2.73328
4.437, -0.858542
-0.519723, -4.07229
4.73315, -0.647788
-1.56129, -4.77205
4.07599, -1.10618
-0.187331, -3.87399
4.50215, -0.84525
4.80679, -0.632374
0.528993, -3.42799
0.7923, -3.24789
-1.97213, -5.04111
3.99452, -1.20199
1.3891, -2.86364
0.843426, -3.22716
3.59116, -1.47201
3.35921, -1.5876
1.72454, -2.65806
-1.23014, -4.56659
4.65953, -0.754673
-0.396347, -4.02589
0.32214, -3.57323
1.95316, -2.49826
1.27195, -2.97891
-1.43858, -4.72798
-1.12304, -4.51495
4.99455, -0.544383
2.10867, -2.42237
4.72939, -0.750147
1.54184, -2.80139
4.07436, -1.17848
3.39317, -1.62195
2.57542, -2.16004
5.40976, -0.313657
3.55985, -1.52151
4.11507, -1.13128
0.422376, -3.55472
2.73178, -2.04527
4.63416, -0.803971
0.6505, -3.42289
-0.340598, -4.05127
-1.66763, -4.92267
0.893313, -3.29236
1.18052, -3.09713
1.85469, -2.65643
6.1291, 0.112345
5.27849, -0.441189
4.05241, -1.23951
4.88216, -0.718295
0.259972, -3.71472
0.479423, -3.57865
4.64188, -0.834447
3.82583, -1.40888
-0.84453, -4.42002
2.4412, -2.31517
-0.570915, -4.3117
-0.0207117, -3.91057
0.377238, -3.65467
4.84193, -0.751112
-1.51862, -4.88578
4.94037, -0.705396
-1.68285, -5.00191
4.07404, -1.26469
0.84733, -3.36088
4.79963, -0.830265
4.33983, -1.10509
3.58541, -1.61254
1.28737, -3.07152
3.47892, -1.66973
0.596961, -3.55821
-1.17252, -4.69744
3.37522, -1.75582
4.30037, -1.15355
1.3321, -3.07901
-1.76168, -5.06623
0.619192, -3.5801
-1.88651, -5.1627
3.08034, -1.97442
2.76596, -2.18596
3.58892, -1.6336
6.32329, 0.148255
5.11641, -0.641137
2.25583, -2.50402
4.68389, -0.928491
0.331551, -3.76033
-1.75313, -5.10794
0.412079, -3.71252
4.98535, -0.754107
4.25048, -1.24232
2.28848, -2.51085
4.72356, -0.916785
2.5343, -2.34104
5.13346, -0.659604
-0.790135, -4.50124
-1.58984, -5.03488
-0.586048, -4.38173
0.699333, -3.53383
-1.34021, -4.89396
-0.167034, -4.12561
-0.834576, -4.55945
0.868722, -3.44514
3.6602, -1.65843
2.97418, -2.10376
4.39181, -1.19919
4.66899, -1.01671
5.96629, -0.15622
3.95513, -1.48063
4.04277, -1.41109
5.50301, -0.466881
-0.844672, -4.5916
3.18642, -1.9819
2.67689, -2.30604
0.549014, -3.69582
4.23031, -1.30829
6.31876, 0.0613805
5.03661, -0.792288
5.78485, -0.310076
5.05433, -0.781007
-1.85343, -5.26166
3.55767, -1.7682
1.6349, -3.01309
3.45838, -1.83023
0.0146393, -4.07043
5.43245, -0.552808
-0.911781, -4.67349
-0.0831818, -4.13066
-1.04308, -4.76719
-0.24173, -4.23819
-1.55673, -5.09763
3.65383, -1.71107
-0.389017, -4.34617
4.28354, -1.32466
-0.759459, -4.5742
2.46213, -2.48797
2.0916, -2.73002
0.467073, -3.80555
-1.34966, -4.98839
3.36533, -1.94051
6.30818, -0.00741707
4.429, -1.2387
1.12319, -3.38817
-0.709436, -4.5669
4.61873, -1.11205
4.78954, -0.997594
0.791132, -3.60752
4.92128, -0.955844
2.68201, -2.37323
4.99261, -0.91423
3.48164, -1.90089
3.26566, -2.01947
3.8001, -1.67708
1.66342, -3.05904
3.09853, -2.13562
1.63353, -3.08325
4.33311, -1.33153
2.44849, -2.58018
5.63933, -0.483217
-0.0631508, -4.19003
1.44146, -3.21407
5.95546, -0.301878
-0.896354, -4.72636
0.792772, -3.66582
5.25897, -0.780498
3.41587, -1.97381
6.07389, -0.243816
-0.418002, -4.46179
1.65601, -3.13247
6.2486, -0.132362
-0.697007, -4.63387
2.2783, -2.70765
2.25037, -2.73405
1.93699, -2.9342
3.82817, -1.71484
2.95766, -2.27747
-1.13789, -4.93662
0.348805, -3.96909
6.32515, -0.0852335
5.92817, -0.357511
0.0467405, -4.17612
4.21305, -1.47759
3.76833, -1.78264
-0.209572, -4.36547
1.37139, -3.34445
5.33391, -0.754705
1.67458, -3.1437
2.52394, -2.58566
-1.2922, -5.05326
0.118879, -4.14482
-1.04503, -4.91529
1.43402, -3.2814
2.39098, -2.6728
-1.3704, -5.14107
3.58188, -1.90347
2.14091, -2.85937
1.33534, -3.37424
-0.514712, -4.57267
3.63641, -1.89559
1.17741, -3.47597
1.48456, -3.2894
3.04859, -2.277
2.14884, -2.85768
4.07233, -1.64018
2.56975, -2.59722
2.84269, -2.42794
2.53525, -2.60628
5.80044, -0.496037
1.19443, -3.48945
3.69869, -1.8714
1.45851, -3.33928
2.29166, -2.78162
1.56418, -3.26131
6.48509, -0.0385768
0.76584, -3.7882
0.702311, -3.82886
0.60819, -3.89086
4.32126, -1.48244
3.47047, -2.04781
-0.750911, -4.77212
1.73105, -3.16183
6.49413, -0.0480384
2.44925, -2.70593
-0.0582756, -4.33035
0.479197, -3.98711
-0.128119, -4.40602
-0.498635, -4.61589
5.16274, -0.938304
5.3413, -0.831485
-1.49617, -5.26226
3.84781, -1.80112
4.29072, -1.52949
4.74431, -1.24408
1.33826, -3.43476
1.35567, -3.43073
-1.419, -5.21793
-0.170546, -4.42102
5.42054, -0.793064
3.27461, -2.19494
4.81634, -1.18503
5.08718, -1.03338
6.02647, -0.405097
1.51011, -3.35609
4.73073, -1.27456
6.18133, -0.298771
0.677106, -3.89339
4.12719, -1.65904
3.07194, -2.34517
2.22755, -2.88986
2.03198, -3.03612
4.75678, -1.27447
3.18526, -2.29411
3.59888, -2.03152
-0.498159, -4.6832
6.0653, -0.420344
5.91622, -0.508336
2.12523, -2.99029
1.62571, -3.38188
6.17495, -0.355533
-0.975388, -5.00953
5.98717, -0.485075
2.71161, -2.62491
1.91865, -3.11523
1.08932, -3.67151
-0.0827402, -4.42552
6.34229, -0.249776
-1.14837, -5.13617
-0.788106, -4.88986
-0.178525, -4.51825
2.59245, -2.71413
4.55847, -1.45844
0.00501117, -4.3896
2.17145, -2.9882
1.21404, -3.63082
-0.349062, -4.62178
3.45656, -2.16521
-0.971295, -5.03941
4.25758, -1.64995
5.27723, -0.976056
3.28809, -2.30264
5.80597, -0.620312
2.41188, -2.8514
-0.752243, -4.9269
0.772271, -3.93582
-0.418748, -4.63506
6.60555, -0.105737
1.31021, -3.59152
2.10835, -3.07201
5.74988, -0.699969
1.92808, -3.18543
6.66656, -0.0833638
1.69107, -3.3624
2.71503, -2.71158
1.62353, -3.44674
1.61484, -3.41971
5.13006, -1.14445
4.14967, -1.76714
1.43574, -3.5508
-1.21566, -5.24135
4.12269, -1.79623
3.88229, -1.96088
-1.50379, -5.45941
6.62909, -0.146466
4.69801, -1.44568
6.65769, -0.115823
5.35095, -0.98965
2.83823, -2.66098
2.97622, -2.56674
-0.897834, -5.08719
1.82661, -3.31511
4.1589, -1.81327
-0.327828, -4.71939
0.893031, -3.93381
0.639451, -4.10033
-0.49546, -4.83296
-0.0498641, -4.55334
5.67272, -0.829535
6.48652, -0.290198
1.22426, -3.72966
2.64722, -2.81831
5.25295, -1.12965
1.93541, -3.26847
4.74939, -1.47293
0.0101932, -4.54863
6.02652, -0.631644
4.99379, -1.31421
-0.747575, -5.04057
-0.239319, -4.69798
4.11761, -1.89175
0.534133, -4.21431
6.66657, -0.185939
0.0917063, -4.50061
-0.398023, -4.81689
2.05811, -3.24413
0.177318, -4.45301
5.34451, -1.08385
2.58331, -2.88455
3.27316, -2.45593
5.45505, -1.02676
-0.581898, -4.9533
2.88293, -2.70472
3.53108, -2.3057
0.315954, -4.37412
1.54931, -3.54559
3.30561, -2.45338
-0.765409, -5.09543
6.17213, -0.569767
0.814803, -4.05944
2.9645, -2.66944
4.93862, -1.38915
1.71256, -3.48484
6.5389, -0.307285
0.893502, -4.0127
2.14435, -3.20317
-0.501561, -4.93023
0.731875, -4.13738
4.32556, -1.78771
1.63018, -3.54826
4.7691, -1.50356
1.56457, -3.58659
2.76286, -2.81065
-1.12338, -5.32467
4.39418, -1.75911
2.10952, -3.24827
3.3928, -2.41248
-1.57249, -5.63574
0.888628, -4.06777
0.291952, -4.44411
3.58133, -2.31264
0.122664, -4.57704
-0.998551, -5.27942
3.40017, -2.42799
5.13917, -1.30382
1.40815, -3.7303
4.23169, -1.89619
5.54611, -1.05556
-0.133132, -4.73536
1.16872, -3.89764
6.35755, -0.496665
0.0401305, -4.64551
6.72672, -0.262796
-1.17093, -5.39824
4.83369, -1.53707
-0.0705361, -4.71731
-0.952112, -5.26452
3.90491, -2.1403
2.52627, -3.03407
0.399903, -4.42141
3.34052, -2.53613
6.20527, -0.639635
5.07804, -1.39341
0.111493, -4.61003
1.61143, -3.65954
3.39469, -2.47866
1.23829, -3.8877
3.17661, -2.63912
1.51097, -3.71209
1.70288, -3.5913
-1.30124, -5.53211
0.519541, -4.36942
5.83275, -0.90686
1.46945, -3.7545
4.68096, -1.6645
6.2325, -0.611476
-0.777519, -5.17779
-0.532441, -5.06436
0.93259, -4.11304
5.56971, -1.08973
5.71185, -0.999065
2.44392, -3.1181
0.0626559, -4.7434
4.63113, -1.72268
4.19452, -2.00167
-1.57523, -5.71345
0.907492, -4.13654
3.42673, -2.50441
0.114377, -4.6571
0.0203095, -4.72378
3.17739, -2.71899
3.43588, -2.51742
1.43223, -3.8289
-0.955779, -5.35346
5.53294, -1.14883
1.26825, -3.93341
6.47897, -0.499426
2.7417, -2.94366
5.94155, -0.885501
2.29227, -3.27527
1.89082, -3.54081
-1.31994, -5.6115
1.11897, -4.02792
4.73296, -1.70665
5.98903, -0.872876
6.21371, -0.721045
4.23171, -2.04229
5.68783, -1.06969
5.27044, -1.36342
4.58461, -1.81231
-1.048, -5.46876
-1.49099, -5.72428
6.27471, -0.70146
3.23571, -2.66936
1.91285, -3.55957
5.96089, -0.92407
-0.825135, -5.33736
-0.162779, -4.91832
0.524336, -4.46801
4.90571, -1.62967
4.07489, -2.17057
2.52619, -3.17697
5.86263, -0.995021
5.45279, -1.26982
-0.370157, -5.07023
4.58474, -1.85467
-1.45997, -5.76239
4.22203, -2.12374
-0.481039, -5.16191
2.23028, -3.39985
0.826559, -4.3107
5.90027, -0.998804
6.74443, -0.416363
5.17742, -1.48903
6.53445, -0.550924
2.13458, -3.46334
4.31813, -2.04757
1.79599, -3.69882
1.01986, -4.19984
6.32964, -0.739196
0.119146, -4.78902
-0.26467, -5.0398
4.11049, -2.19842
-1.42373, -5.80002
6.64076, -0.517729
3.59565, -2.54716
-0.944908, -5.48263
1.88652, -3.65648
2.97002, -2.96858
-0.646381, -5.31113
-1.07054, -5.60211
6.50363, -0.648341
3.55849, -2.58883
1.05632, -4.18629
3.3394, -2.72771
3.4384, -2.67218
3.38183, -2.70461
1.93587, -3.65721
-0.505357, -5.22998
-1.09535, -5.6133
5.20906, -1.53327
0.171377, -4.80188
-0.205734, -5.04438
4.89213, -1.75143
5.32088, -1.49281
1.6537, -3.86333
0.971676, -4.30529
2.08408, -3.63329
3.55237, -2.65197
2.32581, -3.44745
4.00995, -2.35137
2.87821, -3.08272
3.08939, -2.95507
1.16996, -4.20986
3.95996, -2.38891
6.38695, -0.789432
3.22655, -2.86744
-0.516653, -5.3036
0.617637, -4.59121
1.19556, -4.21193
6.68375, -0.57983
3.07083, -2.98912
4.63221, -1.96841
2.81269, -3.15476
2.45479, -3.39232
4.30764, -2.1569
0.423022, -4.72982
2.29689, -3.50771
3.06808, -3.00556
4.04692, -2.38498
0.196133, -4.89641
5.06327, -1.71549
4.44049, -2.13685
-1.11783, -5.73403
-1.08162, -5.70006
5.29068, -1.56325
6.43228, -0.80891
4.26386, -2.25292
1.78434, -3.85776
0.334548, -4.84589
1.78094, -3.87431
-1.08284, -5.7279
-0.173479, -5.15675
2.19338, -3.61755
6.7194, -0.681809
4.89843, -1.86766
4.08708, -2.39408
-0.483592, -5.35189
5.34333, -1.58107
5.64716, -1.35891
6.69403, -0.638795
1.13748, -4.33818
2.2791, -3.57824
3.03992, -3.08893
2.53648, -3.41686
-0.980738, -5.69384
-1.40823, -5.96326
6.41063, -0.880352
1.02212, -4.41792
-1.26364, -5.88412
6.94166, -0.512216
-0.333537, -5.29411
6.92947, -0.538547
5.71911, -1.36715
3.07066, -3.08832
-0.933411, -5.68469
0.707298, -4.6311
4.04738, -2.46767
3.96571, -2.50856
0.254303, -4.92359
-0.480685, -5.39067
5.59066, -1.42724
2.22317, -3.64779
5.94496, -1.21542
3.51256, -2.82328
6.09544, -1.10844
-0.316742, -5.29682
4.51027, -2.1679
6.88337, -0.583376
0.838139, -4.56203
3.56786, -2.81231
3.05635, -3.13861
-1.32783, -5.95372
-0.973758, -5.73732
3.73424, -2.70397
6.97327, -0.523448
3.1413, -3.0547
1.40109, -4.21311
0.644834, -4.71762
2.61949, -3.42099
4.34618, -2.3074
2.67937, -3.39232
-0.0798417, -5.17157
2.81693, -3.29464
6.47428, -0.898476
2.65138, -3.41851
4.68702, -2.09611
6.60906, -0.825633
-0.847351, -5.70411
4.02034, -2.53545
3.1853, -3.0852
0.314971, -4.94555
0.558968, -4.7789
5.21048, -1.75433
6.66146, -0.798579
2.90831, -3.2653
0.551704, -4.7953
4.19649, -2.4358
0.56679, -4.78633
1.82838, -3.99889
4.21453, -2.42166
-1.14449, -5.90332
1.27035, -4.33901
4.31943, -2.36338
3.73978, -2.73622
1.70808, -4.03597
4.09504, -2.50865
-1.10687, -5.88223
6.7544, -0.748801
4.77551, -2.06736
2.12751, -3.79711
6.52947, -0.900664
4.59813, -2.19439
1.44746, -4.24456
-1.08153, -5.8877
3.72193, -2.77009
0.864481, -4.62974
4.24455, -2.43707
3.86985, -2.69053
3.19096, -3.13744
-1.0381, -5.86842
2.86968, -3.33216
6.85958, -0.681099
-0.232843, -5.38973
6.38489, -1.03469
3.2224, -3.13989
4.01622, -2.64868
2.94314, -3.34037
4.50805, -2.32514
2.65525, -3.52063
2.40397, -3.67994
4.11468, -2.57866
6.64454, -0.890365
2.19073, -3.83347
5.20208, -1.88749
6.43796, -1.05584
1.43485, -4.33067
4.39174, -2.40509
-0.0746143, -5.29454
1.38079, -4.38698
4.83541, -2.11808
3.90364, -2.7342
3.62035, -2.93029
0.0549979, -5.24197
3.66219, -2.90875
3.98027, -2.69393
3.97524, -2.70341
2.34451, -3.7651
6.55543, -1.00201
0.193482, -5.144
2.89763, -3.40863
-0.147512, -5.38955
3.06956, -3.30167
3.74376, -2.87098
5.21837, -1.91025
0.965517, -4.6742
4.33222, -2.50698
4.22216, -2.58177
2.59156, -3.63527
4.40803, -2.45141
3.52379, -3.05247
4.41816, -2.4675
3.84923, -2.82746
6.03664, -1.38063
0.0167723, -5.30316
0.249168, -5.19275
2.68424, -3.60447
3.89256, -2.82337
5.66535, -1.65968
6.74236, -0.941007
0.00322495, -5.33952
5.59536, -1.71338
4.43094, -2.52434
3.32803, -3.20521
2.69439, -3.61436
0.679068, -4.91372
4.63337, -2.37347
6.12758, -1.36008
6.85846, -0.885671
-1.03162, -6.03758
-0.623091, -5.8012
3.01154, -3.44206
6.51284, -1.12746
5.6778, -1.72409
4.71389, -2.34095
6.66104, -1.04334
6.70992, -1.0095
5.27942, -1.97431
4.3722, -2.58138
6.97183, -0.821662
5.91666, -1.54081
0.21339, -5.26647
6.75039, -0.987989
6.98018, -0.881619
-0.051808, -5.44404
-0.866748, -5.95873
3.0546, -3.43068
4.52214, -2.48493
2.78403, -3.61948
-0.196259, -5.55096
3.07867, -3.43788
6.41046, -1.23716
3.27555, -3.31652
1.84681, -4.26643
6.24977, -1.35451
-1.08927, -6.13485
-0.232049, -5.59217
3.1636, -3.3966
1.88638, -4.22485
0.113119, -5.37123
-0.595643, -5.84607
0.28595, -5.26765
0.181702, -5.32304
1.6635, -4.37147
2.28138, -3.98146
0.400117, -5.1921
1.65385, -4.39603
5.86944, -1.66042
4.51111, -2.5772
2.13304, -4.08402
0.392517, -5.2189
3.23322, -3.38332
3.68138, -3.1311
3.26752, -3.34918
3.91654, -2.94044
5.62338, -1.81862
4.4676, -2.58791
0.192563, -5.37423
5.32456, -2.02622
0.858612, -4.9305
2.52336, -3.86114
1.10969, -4.78494
3.2444, -3.40081
6.95855, -0.967268
-0.39861, -5.76454
0.434746, -5.22415
0.312417, -5.28769
4.46684, -2.62826
2.74821, -3.73767
0.605936, -5.13007
3.52644, -3.23631
-1.25453, -6.28368
6.11225, -1.53349
4.85693, -2.39142
3.71543, -3.11148
4.05286, -2.91664
-0.526103, -5.8981
-0.198078, -5.68747
2.10691, -4.18525
6.18927, -1.50864
4.50759, -2.65135
6.26723, -1.45198
-0.408658, -5.82548
0.612412, -5.16117
0.0968539, -5.50261
4.35337, -2.73999
-0.255039, -5.73708
0.0261968, -5.54242
-1.20885, -6.35541
0.472049, -5.28937
0.964046, -4.96523
1.4142, -4.67702
4.34534, -2.77894
3.28559, -3.46769
6.99812, -1.00768
2.58604, -3.91204
5.28686, -2.16815
1.98932, -4.31549
1.16928, -4.87806
-0.394919, -5.86739
1.6686, -4.53527
1.24566, -4.80937
3.14138, -3.59329
4.38729, -2.77057
2.17563, -4.21565
5.43331, -2.08577
1.35412, -4.74377
-1.03113, -6.29224
4.47534, -2.72211
4.79843, -2.51194
2.39916, -4.08217
-0.135852, -5.72561
3.35816, -3.46221
6.27187, -1.52471
2.57601, -3.98377
6.50743, -1.38421
1.82537, -4.46462
0.610272, -5.26829
5.05108, -2.36434
3.27965, -3.54087
4.75258, -2.56292
3.98134, -3.07382
2.98867, -3.7156
0.779418, -5.15412
4.81833, -2.53184
5.6026, -2.03173
5.20262, -2.27832
0.0519595, -5.63819
3.06899, -3.67394
1.18992, -4.90331
6.07606, -1.69257
-0.043177, -5.69542
1.09324, -4.96732
1.94959, -4.41333
0.383139, -5.43114
3.87399, -3.18563
0.259413, -5.54929
4.98671, -2.43366
0.73625, -5.20419
0.988146, -5.05027
3.94752, -3.12891
-0.102421, -5.77782
-1.14794, -6.43044
3.49913, -3.43326
