-2.81489, 4.37847
1.47283, 5.85057
-5.11162, 3.54345
1.68594, 5.86845
-4.26352, 3.81029
-3.07447, 4.20681
-0.980077, 4.92515
-5.16404, 3.46097
-0.807131, 4.96103
-2.59837, 4.34277
2.06871, 5.94231
-4.68029, 3.59528
1.70409, 5.77398
1.19573, 5.57652
-3.258, 3.99432
2.69512, 6.04656
0.598968, 5.31463
-4.98911, 3.35451
1.36424, 5.52893
0.544779, 5.23869
1.5536, 5.53356
-0.61197, 4.76597
-5.34958, 3.12581
-5.87632, 2.93825
-0.776554, 4.67895
-3.97623, 3.57041
0.953817, 5.27283
-5.86237, 2.81898
0.216538, 4.75735
-3.70885, 3.36975
-4.353, 3.09167
-0.786199, 4.30501
-5.18826, 2.76987
-2.70252, 3.61332
0.520833, 4.69246
2.33838, 5.25028
-5.59615, 2.48914
1.38351, 4.9021
1.2272, 4.84353
-3.31606, 3.26686
-3.60489, 3.15047
1.77841, 5.00793
-0.34789, 4.26635
2.76353, 5.31986
0.076574, 4.38097
-4.63297, 2.71072
-4.50227, 2.74811
2.62373, 5.18315
0.427384, 4.41994
2.36395, 5.08536
1.68517, 4.82135
1.0891, 4.61096
3.39356, 5.3796
-0.0783883, 4.17063
-2.79513, 3.20887
-5.96182, 2.09824
-4.889, 2.41398
-4.5775, 2.51878
-0.630456, 3.86523
-5.61796, 2.1207
-3.32425, 2.90267
-5.42105, 2.14542
-5.36213, 2.13101
-0.71341, 3.70363
2.45286, 4.79455
1.05606, 4.28698
3.14381, 4.99718
-3.52704, 2.68626
-4.99317, 2.08913
-1.05977, 3.44481
1.88934, 4.44361
-5.8311, 1.77319
-2.39743, 2.92461
2.75141, 4.70146
-1.00531, 3.3923
1.79435, 4.28477
-5.01109, 1.90996
-2.18725, 2.84583
-3.53109, 2.34857
-0.666708, 3.32746
2.70926, 4.48697
-1.11479, 3.11513
-0.633587, 3.2785
-0.213468, 3.42233
-3.68262, 2.2138
0.550782, 3.67575
-3.99623, 2.10044
2.72879, 4.40208
3.28548, 4.58107
0.965123, 3.77172
-4.94108, 1.7164
3.01158, 4.46172
-2.52821, 2.50862
-2.56541, 2.49472
-1.91553, 2.70848
-3.39154, 2.16126
2.99145, 4.35274
-0.66873, 3.08091
-5.13109, 1.53591
-2.006, 2.57418
-2.51232, 2.33477
1.9264, 3.72272
0.528255, 3.2326
-3.08561, 1.97204
-0.477476, 2.83928
-2.88866, 2.00494
-0.615789, 2.78094
3.18987, 4.09191
-1.50597, 2.47616
-4.08684, 1.5776
-4.46286, 1.44351
-3.74083, 1.56851
-3.70948, 1.57214
-3.05641, 1.77096
-3.51497, 1.56762
2.32932, 3.57517
2.63666, 3.67431
2.71011, 3.68568
-0.535252, 2.56358
1.01593, 3.08288
-0.528406, 2.52837
-4.72146, 1.07706
-2.26572, 1.89059
-0.269328, 2.57947
3.00652, 3.71123
-5.31653, 0.820321
-5.23074, 0.84937
-3.71567, 1.36342
-4.02726, 1.25415
0.00451452, 2.63296
-0.902383, 2.31718
-1.29706, 2.17888
-0.543695, 2.42268
-2.39277, 1.77489
-3.8133, 1.25602
3.2235, 3.68762
-1.801, 1.94986
-3.06712, 1.47893
-1.96448, 1.802
1.01224, 2.82771
-1.33097, 2.00784
-2.48647, 1.56785
-2.82365, 1.44816
-4.83971, 0.73953
-3.98614, 0.974699
2.17957, 3.06095
-0.937218, 1.97841
-1.33326, 1.79544
3.01199, 3.26799
4.08298, 3.60987
-0.929352, 1.86559
0.273988, 2.24798
1.85799, 2.80081
2.52441, 2.99878
3.51972, 3.26502
-2.99017, 0.962251
-0.641043, 1.76407
-3.88541, 0.620425
-1.48039, 1.44037
1.45118, 2.44308
-2.34104, 1.12495
2.35201, 2.72669
2.16422, 2.63201
-2.84738, 0.894557
-3.41556, 0.697481
3.93913, 3.20896
1.74826, 2.37687
1.88838, 2.41368
1.81948, 2.38208
-3.66161, 0.479132
0.758246, 1.95408
-1.65914, 1.05866
-0.702148, 1.38374
0.482028, 1.78136
-3.17664, 0.502472
-0.906, 1.27974
-0.459309, 1.42074
-5.09424, -0.200695
-2.32046, 0.733181
-0.353037, 1.40657
-1.77031, 0.895873
-0.262049, 1.39515
3.42344, 2.64042
-0.91668, 1.0921
3.63705, 2.66364
-3.26001, 0.27562
-0.577418, 1.15349
-3.06647, 0.26721
1.66227, 1.89446
1.81565, 1.92872
-4.13421, -0.133968
0.570801, 1.4814
3.92551, 2.61712
4.10877, 2.66607
0.842483, 1.49286
2.4189, 2.03678
-4.48213, -0.350679
-2.22215, 0.380264
-4.15037, -0.323792
-1.72805, 0.498187
-1.96432, 0.404683
0.35562, 1.19989
3.81083, 2.30764
2.88387, 1.97552
-2.80387, -0.0719026
-1.61577, 0.336364
3.21743, 2.00257
-3.86604, -0.451478
-1.81386, 0.247023
-4.8922, -0.823235
4.37696, 2.33057
0.92764, 1.13228
-2.66381, -0.125719
4.39036, 2.30052
-4.17293, -0.693124
-3.03168, -0.332895
2.72593, 1.65396
-3.85888, -0.661685
-2.35519, -0.146639
0.634487, 0.844721
-1.25097, 0.187688
-3.3092, -0.52427
-2.45991, -0.264357
-1.32922, 0.0320522
-0.233505, 0.368474
-2.66918, -0.478242
-3.47735, -0.79113
-2.04478, -0.316578
2.08014, 1.10403
3.33907, 1.52552
-3.00398, -0.728183
2.36466, 1.12673
-0.489791, 0.099272
-1.83332, -0.430197
3.30775, 1.32627
4.65749, 1.76348
3.24636, 1.27548
-3.91257, -1.24656
4.01592, 1.47142
-2.04122, -0.631457
3.82936, 1.397
2.97606, 1.04436
3.49327, 1.1988
-1.70176, -0.608216
3.49388, 1.16085
-3.71059, -1.34911
-0.391546, -0.234656
-1.15517, -0.499261
2.89813, 0.891845
4.26181, 1.34152
-1.79831, -0.754657
1.56222, 0.404202
1.74338, 0.384113
-3.21033, -1.32679
4.21639, 1.23369
-4.3227, -1.71807
4.6514, 1.37812
-0.612624, -0.480731
2.36857, 0.50079
-4.56012, -1.92919
1.67257, 0.205065
-3.05198, -1.44734
-4.23366, -1.88076
-3.74819, -1.72804
-2.02423, -1.1345
1.21531, -0.0400613
-1.94506, -1.18689
-0.442185, -0.687235
4.9335, 1.16797
3.47192, 0.658196
-3.37611, -1.71257
-2.01436, -1.26816
-1.32913, -1.03342
2.70441, 0.356936
0.936933, -0.296172
-3.32081, -1.85845
-1.433, -1.21279
4.3005, 0.765339
4.60269, 0.862044
4.77899, 0.916127
1.04752, -0.378472
2.68234, 0.179929
-0.817814, -1.03057
4.0403, 0.647919
-2.03092, -1.48006
-1.07825, -1.15089
-3.36142, -1.95251
4.19131, 0.641841
4.42432, 0.686949
-2.94753, -1.87896
1.03297, -0.516251
-4.04074, -2.27168
-1.02444, -1.26854
3.68257, 0.28372
-0.737616, -1.27561
2.52657, -0.149137
4.53642, 0.513446
2.51315, -0.193217
-1.72426, -1.70876
-3.24061, -2.23848
-1.13242, -1.51463
2.64213, -0.216438
-3.0184, -2.17341
-4.26758, -2.66736
2.09208, -0.483993
-3.66813, -2.52392
-0.862674, -1.60556
-3.60026, -2.55941
-3.30853, -2.46581
4.8023, 0.334083
0.277975, -1.30824
3.54336, -0.204537
-1.34332, -1.89591
-2.42361, -2.32163
0.281994, -1.41333
4.46029, 0.0247816
4.54838, 0.0193676
1.84118, -0.958476
-1.04322, -1.95662
-1.83977, -2.23209
3.81756, -0.307127
-3.64616, -2.90662
-2.48022, -2.51819
-1.20641, -2.10924
-0.619518, -1.9162
4.328, -0.220247
-3.54774, -2.94402
-1.02397, -2.08421
0.855949, -1.46466
4.14617, -0.340065
-1.80704, -2.4216
3.28853, -0.67144
0.376456, -1.69518
4.71119, -0.203495
0.917915, -1.52449
0.68369, -1.62178
5.12706, -0.105785
-0.748957, -2.17244
5.35721, -0.0695614
2.36737, -1.12345
-3.29098, -3.08196
0.189724, -1.89004
2.43445, -1.11566
-2.14025, -2.73299
3.46358, -0.801688
-2.83997, -2.99606
0.0201073, -2.05094
-1.83013, -2.69972
-3.42376, -3.25518
2.49752, -1.21253
-3.7779, -3.37904
-1.60415, -2.64217
-3.96111, -3.45935
0.661726, -1.91332
-3.83584, -3.51249
-1.35587, -2.69164
4.24307, -0.76463
-3.2555, -3.42181
-3.36562, -3.51677
2.37258, -1.55488
-3.65199, -3.64579
4.41135, -0.861486
5.42546, -0.541645
3.79059, -1.11704
-0.788688, -2.72163
2.82364, -1.47729
5.35051, -0.605796
4.12019, -1.03262
5.28734, -0.635244
4.91059, -0.765124
4.19911, -1.02318
4.43107, -0.957533
3.92534, -1.14345
-2.72716, -3.4461
-2.2365, -3.28579
-1.56658, -3.05504
-1.52232, -3.04379
0.848497, -2.26323
-1.64123, -3.1382
-3.30203, -3.71756
0.43061, -2.45573
3.52678, -1.41154
-1.36343, -3.12533
-1.59736, -3.24195
-3.58821, -3.93587
-2.08792, -3.435
3.32366, -1.58362
-3.46601, -3.97082
3.03412, -1.78448
4.8498, -1.15849
5.31407, -1.05535
-3.75464, -4.24852
3.50221, -1.74371
5.02113, -1.22287
3.74223, -1.70244
5.49063, -1.11086
-1.28766, -3.45932
-1.36878, -3.52957
-3.05374, -4.11196
1.17819, -2.66955
3.75762, -1.7826
-1.4121, -3.57476
4.78298, -1.44418
0.963421, -2.78526
-2.11908, -3.87237
2.15444, -2.39677
-0.779825, -3.4513
-2.40824, -4.05763
3.58145, -2.00086
-0.194683, -3.3324
-0.271205, -3.39663
1.1999, -2.89019
-0.395243, -3.44672
1.56278, -2.77868
-0.372246, -3.46916
-2.43733, -4.23884
-1.02612, -3.79352
0.38191, -3.32
3.45435, -2.33891
0.779635, -3.32383
2.05127, -2.95353
0.15247, -3.62591
-1.23954, -4.11843
3.14055, -2.61357
2.02174, -3.03482
3.76062, -2.45447
2.05379, -3.06237
-0.614716, -3.98872
-3.21456, -4.91715
-2.28738, -4.60578
-1.32349, -4.35959
1.7604, -3.29353
-2.46823, -4.76074
-0.329839, -4.03501
-1.42274, -4.42007
1.40821, -3.45586
0.431826, -3.79912
1.02713, -3.60903
-0.704625, -4.2902
5.16258, -2.26977
5.70782, -2.11306
4.19363, -2.64143
1.83969, -3.47411
5.42165, -2.25994
5.84322, -2.12601
-3.05231, -5.21865
1.81657, -3.54196
-2.82532, -5.16245
-1.43174, -4.69501
3.23259, -3.16528
4.53849, -2.71893
-2.80095, -5.30776
3.42467, -3.15867
-0.586609, -4.55242
4.96963, -2.63865
0.646531, -4.18622
6.09023, -2.31897
-0.244788, -4.52421
3.61808, -3.23023
5.55096, -2.58774
0.875207, -4.2252
5.81978, -2.53485
4.10737, -3.14386
2.5609, -3.68971
5.27269, -2.75367
5.16074, -2.81176
5.92994, -2.57098
3.09796, -3.55681
0.848273, -4.34416
1.93663, -3.96862
0.0818865, -4.65753
4.56927, -3.11842
-2.59683, -5.59551
1.34327, -4.24331
-1.61577, -5.27343
3.3137, -3.57419
5.93637, -2.70107
5.03001, -3.03583
1.75189, -4.18342
4.06997, -3.3899
-1.41535, -5.30954
4.34634, -3.32478
-2.70751, -5.80734
5.76315, -2.93493
1.55354, -4.40434
-2.61353, -5.90515
3.94021, -3.6401
0.982862, -4.66652
2.11048, -4.28093
0.883491, -4.74169
4.59682, -3.47921
1.61607, -4.52832
-3.06157, -6.17787
0.616808, -4.91326
5.73466, -3.14708
6.14727, -3.01238
-2.71384, -6.08318
5.10657, -3.40137
0.618152, -4.96754
-2.75075, -6.14048
