1.43946, -1.54055
4.84396, -1.0434
2.29795, -1.41406
4.5122, -1.09007
2.82938, -1.3347
4.09999, -1.14845
5.62727, -0.925611
6.5704, -0.786629
1.22133, -1.56652
3.35195, -1.25524
-2.34242, -2.08544
-0.463945, -1.81121
-0.714623, -1.84728
-0.479417, -1.81265
4.5633, -1.07576
-1.03001, -1.89104
0.542738, -1.6615
1.22393, -1.56206
5.18017, -0.984601
4.56951, -1.07363
-1.00022, -1.88513
0.50658, -1.6652
0.303888, -1.69463
0.277752, -1.69679
4.61557, -1.06308
4.20408, -1.12299
3.77884, -1.18123
6.33354, -0.80816
5.15916, -0.979303
1.4053, -1.52441
-0.50928, -1.80138
2.3411, -1.3855
1.79039, -1.46539
-0.0408773, -1.72973
3.57071, -1.2026
-0.37747, -1.77775
5.90272, -0.860888
1.62074, -1.48549
5.97575, -0.848472
3.87905, -1.15315
-1.94322, -2.00197
5.45836, -0.920787
5.92732, -0.851912
0.102178, -1.70128
-1.44145, -1.92642
5.19217, -0.957733
1.18933, -1.54077
1.30558, -1.52337
-0.733073, -1.81969
1.6697, -1.46893
1.51538, -1.49094
6.5701, -0.752249
1.7908, -1.44927
-2.29573, -2.04403
-2.04784, -2.00627
6.27148, -0.792074
5.55056, -0.897057
-0.315869, -1.75197
5.0042, -0.974345
-2.35612, -2.04777
5.33615, -0.924424
-0.46799, -1.77017
0.308368, -1.65484
-1.52014, -1.92148
-1.98195, -1.98763
1.3821, -1.49611
6.5262, -0.745613
6.22202, -0.789846
4.13362, -1.09429
0.186364, -1.6694
2.20714, -1.37442
2.54987, -1.32161
3.43342, -1.19246
1.29285, -1.50464
3.1257, -1.23679
2.42998, -1.33821
0.74731, -1.58323
4.72911, -1.00199
-0.561648, -1.77347
0.376219, -1.635
3.70366, -1.14877
4.54246, -1.02633
2.37726, -1.34225
-2.19035, -2.00787
-0.33721, -1.73625
0.102665, -1.67182
-0.465265, -1.75414
-1.11968, -1.84926
1.14668, -1.51594
2.72381, -1.28364
5.16736, -0.926308
6.3142, -0.755296
6.49317, -0.728749
3.8683, -1.10907
-0.305701, -1.71769
-2.4466, -2.02951
4.00046, -1.0883
4.34812, -1.03697
4.23675, -1.05287
1.55854, -1.44227
0.0190714, -1.66639
-2.32822, -2.00789
2.77202, -1.2636
-0.658926, -1.76396
5.28447, -0.896394
3.89257, -1.09947
-0.488106, -1.73852
-0.96442, -1.80762
0.999037, -1.51959
3.45429, -1.161
2.83231, -1.25159
-2.38709, -2.01232
-1.75334, -1.91964
1.6404, -1.42451
3.05607, -1.21781
4.99932, -0.933432
4.28596, -1.0349
0.885024, -1.53052
-1.16526, -1.82841
4.57527, -0.990121
-0.164408, -1.6808
3.7642, -1.10734
6.33686, -0.728921
0.4361, -1.58946
3.37959, -1.15917
-2.09599, -1.95781
5.69714, -0.820664
-0.812509, -1.76731
1.15859, -1.47962
2.27793, -1.31485
4.69738, -0.96171
1.77826, -1.38659
1.39776, -1.44192
4.88554, -0.932721
2.74217, -1.24515
-2.43995, -1.99942
3.71436, -1.10151
0.736873, -1.53569
4.09421, -1.04537
2.6503, -1.25451
-2.38862, -1.98891
5.43021, -0.847148
2.2106, -1.31662
-2.19209, -1.95884
0.631359, -1.5466
5.00645, -0.908164
3.44884, -1.13462
1.61034, -1.40217
-0.322468, -1.68372
1.84032, -1.36766
6.18463, -0.732983
2.01373, -1.34054
-0.128914, -1.65248
1.0479, -1.48054
-1.49514, -1.85018
3.21383, -1.16314
2.3241, -1.29267
1.55879, -1.4041
2.1116, -1.32337
5.70705, -0.798176
-2.13248, -1.94176
-2.18996, -1.94969
-1.08742, -1.78838
3.80192, -1.07463
2.99714, -1.19084
5.45349, -0.83143
-0.613825, -1.71635
2.65308, -1.23777
4.99519, -0.895841
3.94901, -1.04733
-1.02243, -1.77238
-1.39847, -1.824
3.383, -1.12639
5.79371, -0.772351
6.46547, -0.673692
0.625775, -1.52183
-0.499521, -1.68468
0.224117, -1.57907
1.88426, -1.33679
-1.37213, -1.81093
0.765223, -1.49904
2.59503, -1.23139
0.410493, -1.55005
4.23737, -0.991311
6.05207, -0.726283
1.26082, -1.42509
-1.20457, -1.78348
1.00948, -1.45986
5.12749, -0.857395
-1.81692, -1.86961
0.394524, -1.54528
0.451253, -1.53642
5.10383, -0.856961
2.69186, -1.20751
0.512607, -1.52539
4.63792, -0.922229
0.56538, -1.51583
-0.733133, -1.70501
4.79726, -0.897912
3.03136, -1.15545
4.11438, -0.99746
4.24296, -0.977753
4.03126, -1.00708
5.88449, -0.736526
6.31191, -0.672735
6.27162, -0.678437
-1.61563, -1.82773
6.49801, -0.64399
4.02649, -1.00432
3.12642, -1.13331
1.33605, -1.39402
1.31974, -1.39628
5.76619, -0.747325
4.63716, -0.912022
0.711371, -1.484
-0.128181, -1.60599
-1.06772, -1.74262
-1.55006, -1.81138
-0.563353, -1.66745
4.01684, -0.998435
6.35163, -0.657724
-0.355991, -1.63618
6.34529, -0.657914
-0.204236, -1.61314
5.80501, -0.736334
5.84009, -0.730424
5.56039, -0.77118
3.89948, -1.01341
-1.17812, -1.75401
6.02238, -0.703456
4.51828, -0.922416
6.35389, -0.654467
6.06363, -0.695958
-0.23734, -1.61519
1.45851, -1.36755
1.62799, -1.34245
5.81819, -0.72968
-0.555879, -1.65881
4.0649, -0.984398
-1.30747, -1.76693
4.4689, -0.924058
-0.260268, -1.61265
0.449687, -1.50903
2.42124, -1.22127
3.44309, -1.07036
4.87956, -0.860264
0.759318, -1.46129
3.24122, -1.0978
3.79857, -1.01465
2.19242, -1.24636
6.27561, -0.649557
0.318298, -1.51862
3.30292, -1.08275
-2.40993, -1.9152
3.71532, -1.02153
4.64931, -0.885091
2.22028, -1.23916
1.62, -1.32585
4.82414, -0.858005
2.14442, -1.24849
-1.38264, -1.7629
0.241959, -1.52522
2.57427, -1.18432
-1.72577, -1.81133
5.89276, -0.699583
2.18992, -1.23913
2.8234, -1.1467
1.15884, -1.38738
1.64389, -1.31433
0.272446, -1.51374
4.63147, -0.876917
0.971255, -1.40919
4.50592, -0.893525
4.80349, -0.849857
-0.229079, -1.58287
4.29198, -0.922075
5.76093, -0.707361
-0.841731, -1.66997
4.46078, -0.896337
-1.93216, -1.82893
-0.163345, -1.57012
-0.443144, -1.60925
-1.993, -1.83488
2.29782, -1.20808
0.950953, -1.40323
2.45584, -1.18308
0.679665, -1.44206
-0.837597, -1.66074
3.49528, -1.02848
5.6536, -0.710844
1.92282, -1.25411
2.017, -1.23899
5.70253, -0.700629
0.405928, -1.47295
2.71293, -1.13358
-0.97312, -1.67121
-0.206644, -1.55548
5.3239, -0.748414
4.38131, -0.885428
6.32057, -0.602189
1.73498, -1.27061
3.22958, -1.05198
4.60866, -0.850765
-0.704141, -1.62126
5.30929, -0.743847
3.85974, -0.953259
5.10229, -0.76958
5.41259, -0.723641
-1.19226, -1.68721
2.37969, -1.16596
0.997221, -1.36711
4.03199, -0.924277
2.05657, -1.21242
5.22424, -0.7496
2.40149, -1.16076
0.342236, -1.46034
5.07402, -0.769963
5.15788, -0.755518
2.24064, -1.17956
-1.67993, -1.75134
2.32742, -1.16629
1.61084, -1.27008
3.14046, -1.04603
0.917623, -1.36987
1.57134, -1.27348
6.26275, -0.58896
5.88708, -0.640888
-1.13925, -1.66598
0.717131, -1.39504
1.19287, -1.32107
1.81721, -1.22704
4.17423, -0.88306
0.374311, -1.43709
-0.432091, -1.55352
-2.17384, -1.80548
3.11819, -1.0328
4.25423, -0.866433
-0.354045, -1.53866
3.63078, -0.956353
3.75868, -0.937068
4.83521, -0.778995
-1.28383, -1.6716
-1.93224, -1.76423
2.83239, -1.0673
3.73547, -0.934316
5.87614, -0.621333
2.18142, -1.15914
0.561369, -1.3953
3.13752, -1.01764
4.62958, -0.798942
-0.664687, -1.57107
1.14635, -1.3063
1.7334, -1.21704
-2.65316, -1.85645
-2.15741, -1.78297
-0.388426, -1.52307
-1.99651, -1.75712
2.75367, -1.06249
5.35718, -0.682223
-1.90448, -1.7414
5.92324, -0.598986
-0.824923, -1.57988
6.23307, -0.550172
0.835078, -1.33754
2.41368, -1.10724
3.35827, -0.969175
2.62242, -1.07636
-1.13713, -1.62397
4.98527, -0.72815
0.0669337, -1.44534
5.5832, -0.638051
5.6065, -0.634454
2.14684, -1.13911
5.9193, -0.588599
2.27204, -1.11943
1.46275, -1.23701
1.95344, -1.16486
4.69055, -0.763538
0.258505, -1.40994
-1.12264, -1.61126
3.7704, -0.897292
2.17674, -1.12776
-1.29507, -1.63269
-2.35069, -1.78657
-1.578, -1.67358
1.34352, -1.2473
-2.32609, -1.78206
-2.15016, -1.75601
1.54521, -1.21661
-0.282798, -1.48312
4.64125, -0.764738
-2.70658, -1.83632
5.63008, -0.619815
1.7496, -1.18554
1.45874, -1.22707
-1.1428, -1.60608
2.05396, -1.13815
0.600297, -1.34909
3.25474, -0.960489
-1.30727, -1.62463
2.87827, -1.01288
-2.68691, -1.82442
6.27047, -0.516962
-1.43299, -1.63956
-1.23737, -1.60699
-1.94731, -1.70988
3.47398, -0.918795
1.67959, -1.18041
-1.63267, -1.66063
4.6833, -0.738398
1.10882, -1.25983
4.56807, -0.755175
5.40376, -0.632717
-1.04132, -1.57284
2.22696, -1.09584
6.25511, -0.506862
3.60633, -0.893043
0.624107, -1.32802
0.902291, -1.28692
4.71202, -0.730158
0.0464097, -1.41068
3.08544, -0.966796
3.95667, -0.839459
1.35051, -1.21963
5.87092, -0.559731
1.08907, -1.2569
5.89924, -0.554916
3.94095, -0.840389
-0.715213, -1.51948
0.717574, -1.30933
0.777695, -1.29887
2.01736, -1.1178
6.07828, -0.525222
1.52552, -1.18873
4.78209, -0.713489
0.307425, -1.36589
2.05146, -1.11031
5.62671, -0.588155
-0.351531, -1.46003
1.41392, -1.20239
1.26352, -1.22409
2.78345, -1.00201
0.813667, -1.28738
-1.49976, -1.62429
4.96341, -0.681192
3.28472, -0.926019
-2.66521, -1.79399
-1.45758, -1.61728
0.733019, -1.29657
3.58736, -0.880013
1.26738, -1.21762
3.67946, -0.863751
2.58833, -1.02124
2.30153, -1.0628
1.80104, -1.1334
-0.889846, -1.52593
0.923681, -1.26106
2.00755, -1.10269
-2.26018, -1.72458
-0.612319, -1.48412
2.51723, -1.02757
-0.507871, -1.46776
-2.36972, -1.7387
3.46647, -0.886712
-0.0045392, -1.39305
4.64236, -0.714978
-0.604408, -1.47933
4.74929, -0.697172
5.51833, -0.583881
0.124516, -1.36995
1.58314, -1.15516
0.958135, -1.24605
2.52531, -1.01724
-1.12246, -1.54925
3.52123, -0.871646
2.38875, -1.03596
2.0607, -1.08355
1.62542, -1.14583
0.0392206, -1.37662
-2.12075, -1.69101
5.98054, -0.508308
3.15856, -0.919681
4.63192, -0.704555
-1.38134, -1.58154
6.20808, -0.473568
-2.6496, -1.76462
3.6996, -0.837865
0.67964, -1.27845
0.0677924, -1.36749
2.28697, -1.04143
2.8183, -0.963685
5.63796, -0.551869
0.880853, -1.24543
5.71386, -0.538639
3.46607, -0.866385
-2.09031, -1.67698
2.89914, -0.948914
2.92618, -0.94461
-1.14598, -1.53769
5.502, -0.567485
-1.22609, -1.54868
-2.59468, -1.74781
5.76362, -0.527969
0.194125, -1.33919
1.54817, -1.14143
-2.3934, -1.7147
-2.3882, -1.71358
6.18716, -0.4625
5.30265, -0.590587
3.29792, -0.87999
5.57195, -0.547339
-2.02883, -1.65603
-1.94496, -1.64368
-0.507625, -1.4325
-2.27382, -1.69003
2.87233, -0.939162
3.64748, -0.82305
2.63275, -0.970809
-0.220913, -1.38688
0.125948, -1.33582
3.72421, -0.810478
1.00385, -1.20657
-0.692443, -1.45388
0.229286, -1.31865
4.74351, -0.659682
6.02111, -0.472973
-0.884199, -1.47952
-0.852156, -1.47461
3.12136, -0.894876
-2.07244, -1.65209
3.66224, -0.815146
1.06574, -1.19372
3.44911, -0.845185
-1.26977, -1.5317
-2.73365, -1.74453
-0.62474, -1.43541
5.8826, -0.485607
3.29399, -0.862712
-2.80907, -1.7522
-1.02164, -1.49075
3.5088, -0.828393
4.8422, -0.632997
-2.7646, -1.74228
3.35255, -0.848811
4.10291, -0.739015
-1.16458, -1.50748
4.03631, -0.747495
-0.205888, -1.36628
5.89072, -0.475869
1.09397, -1.17139
-0.0148865, -1.33311
0.0813072, -1.31766
5.31771, -0.553183
3.2898, -0.84897
2.6897, -0.936409
3.12885, -0.871728
3.07562, -0.87835
-0.422088, -1.38678
-2.18657, -1.64377
-2.37879, -1.67181
-0.280887, -1.36547
-2.50051, -1.68881
0.761817, -1.21271
-0.424018, -1.38546
2.86871, -0.904177
1.37302, -1.12185
4.33089, -0.68981
5.17788, -0.565953
0.732085, -1.21454
4.16272, -0.713842
1.64086, -1.08068
2.78706, -0.912712
-2.01303, -1.61163
5.66398, -0.491418
2.09011, -1.0122
5.81103, -0.467386
-1.88975, -1.58988
4.48183, -0.659656
4.27178, -0.68959
3.77852, -0.761167
2.10683, -1.00495
5.98642, -0.438206
5.77116, -0.469457
2.38287, -0.963644
-0.286294, -1.35278
2.62719, -0.92726
2.50543, -0.945043
2.12813, -0.999033
-0.759304, -1.41945
-0.524763, -1.38455
-2.52146, -1.67507
1.6415, -1.06666
5.38208, -0.520216
-1.47841, -1.51926
-0.136599, -1.32323
2.27371, -0.971506
2.37271, -0.954433
-2.40037, -1.65068
5.90884, -0.437087
2.84099, -0.884386
1.07296, -1.1423
4.1265, -0.696123
2.11519, -0.988797
3.55462, -0.777852
0.360416, -1.24321
-2.43278, -1.65037
-2.71969, -1.6911
1.17785, -1.12186
3.26905, -0.815006
0.204253, -1.26213
-0.443313, -1.35633
0.351549, -1.24037
0.280801, -1.24962
-2.58287, -1.66718
-0.799163, -1.40625
5.0972, -0.545405
1.0528, -1.13403
-2.88527, -1.70764
-1.33858, -1.48195
-1.70357, -1.53473
0.0353516, -1.27961
-2.93242, -1.71228
-2.37783, -1.63051
-0.125274, -1.30176
-1.83662, -1.5505
0.351779, -1.23112
-1.9021, -1.55734
5.61312, -0.46045
6.04314, -0.397137
-0.178429, -1.30472
2.28586, -0.945204
2.90444, -0.854651
-0.744437, -1.38631
3.53922, -0.759953
5.45021, -0.480659
0.287102, -1.2339
-0.642566, -1.36868
0.236187, -1.23922
-2.82127, -1.68415
0.846407, -1.14812
2.74979, -0.870247
1.91652, -0.991174
-2.09628, -1.57648
-0.571572, -1.35372
-1.57594, -1.5002
-1.17708, -1.44153
-1.25137, -1.4521
1.3454, -1.07276
3.16383, -0.80747
2.48593, -0.906084
-0.349638, -1.31944
5.44711, -0.472725
5.59263, -0.450817
-1.54095, -1.49124
3.83889, -0.706116
-1.57115, -1.4949
0.738094, -1.15716
4.96299, -0.540184
-0.284952, -1.30555
1.61189, -1.02854
5.88466, -0.405024
2.31385, -0.922853
-0.295893, -1.30353
-0.0222919, -1.26247
1.62015, -1.0227
2.63933, -0.873158
5.7217, -0.422424
-1.25569, -1.43794
5.91903, -0.391149
4.3021, -0.62522
2.30813, -0.91589
-2.79647, -1.66035
2.54567, -0.880995
3.33433, -0.765456
0.302869, -1.20713
2.56178, -0.876997
2.16661, -0.934238
-0.0679473, -1.26024
4.5076, -0.591449
4.09439, -0.650713
-1.7032, -1.49613
5.19533, -0.488202
-2.46661, -1.60541
5.35113, -0.464609
1.58266, -1.01415
2.91368, -0.819424
3.92713, -0.671317
3.87683, -0.678677
4.1591, -0.636609
0.891312, -1.11233
-0.910068, -1.37423
-1.79485, -1.49969
6.00538, -0.361679
1.45783, -1.02486
5.7137, -0.403974
5.67213, -0.409672
1.41992, -1.02976
2.79188, -0.82918
-0.475422, -1.30506
-1.69239, -1.48216
-1.34286, -1.42858
5.46593, -0.431635
5.47619, -0.429638
1.44437, -1.01772
1.3221, -1.03552
3.80312, -0.672759
4.36686, -0.588994
-1.39068, -1.42843
3.64812, -0.692813
-2.16624, -1.54104
-3.0101, -1.66405
2.87624, -0.802576
5.14912, -0.470279
-2.4273, -1.57491
1.54954, -0.993754
1.55322, -0.99209
-1.82107, -1.48229
3.62762, -0.687158
4.34763, -0.580542
1.43731, -1.00469
4.62119, -0.538357
5.21215, -0.452002
-1.62569, -1.44934
2.12882, -0.901488
-0.460732, -1.27911
-0.871024, -1.33871
3.33744, -0.724012
2.16593, -0.894559
0.932277, -1.07347
0.562632, -1.12629
-2.54778, -1.57955
-0.270263, -1.24589
2.21149, -0.883669
-0.330911, -1.25381
2.77287, -0.800327
-2.1075, -1.51216
4.88604, -0.491356
-1.79158, -1.46545
1.12011, -1.04062
2.38052, -0.855658
3.69537, -0.66332
0.664531, -1.10495
4.3659, -0.564854
-1.42755, -1.40967
-0.579264, -1.28561
-1.39128, -1.40394
-3.04171, -1.64449
2.51735, -0.833303
-0.822666, -1.32053
5.60119, -0.382972
5.57174, -0.38694
4.97825, -0.473445
5.87614, -0.342461
1.01283, -1.05189
-2.1973, -1.5199
-1.01743, -1.3468
4.52309, -0.538433
-3.01328, -1.63663
-2.37067, -1.54075
0.508162, -1.11985
3.96048, -0.615853
-1.45204, -1.40543
5.73619, -0.356648
-1.40193, -1.39773
4.0611, -0.600303
2.97623, -0.75689
3.55113, -0.672754
4.94384, -0.468415
2.75089, -0.787051
1.74268, -0.933109
2.09962, -0.879728
-2.52501, -1.55351
3.31707, -0.700883
2.66947, -0.795139
3.04365, -0.739845
-0.484047, -1.25342
3.94138, -0.606523
1.82131, -0.91529
2.9311, -0.752002
4.40251, -0.53622
1.59041, -0.946308
1.7002, -0.929722
4.81082, -0.47551
3.35331, -0.687423
-0.973133, -1.31457
2.98359, -0.736895
2.28108, -0.837506
0.0723007, -1.15949
-2.83463, -1.58193
-1.67729, -1.41179
4.90986, -0.449478
-0.601845, -1.25305
2.77243, -0.760705
0.551202, -1.08451
5.56876, -0.351667
2.31018, -0.826412
5.92247, -0.299022
5.57644, -0.34899
0.355882, -1.10955
1.32198, -0.967313
-1.86432, -1.43089
3.36728, -0.667475
-1.44189, -1.36904
3.36817, -0.665839
0.938105, -1.02035
-2.98559, -1.59174
0.0594467, -1.14631
0.000173506, -1.15185
1.20092, -0.975696
1.31533, -0.958568
-2.77012, -1.55326
3.57814, -0.626515
1.3901, -0.945163
0.765838, -1.03611
-0.970876, -1.28827
-0.640232, -1.23944
-0.666072, -1.24307
-0.0694441, -1.15533
-1.43288, -1.3538
0.627343, -1.05325
-2.11202, -1.45282
-1.58635, -1.3759
-2.91196, -1.56863
-0.0877416, -1.15639
0.025248, -1.139
2.47873, -0.780669
2.65865, -0.754139
5.52069, -0.335053
-2.99488, -1.57725
4.16166, -0.533034
1.25426, -0.954298
-0.886082, -1.26641
5.60766, -0.318814
-2.0277, -1.43249
-2.85449, -1.55274
4.26, -0.513445
4.14896, -0.528789
-1.52099, -1.355
0.803719, -1.01476
-1.5903, -1.36344
-1.34373, -1.32683
-1.5061, -1.3485
-0.830788, -1.24807
-1.81063, -1.39046
-1.9008, -1.40355
-0.181425, -1.14947
1.59906, -0.886573
-2.43487, -1.47497
-1.55161, -1.34587
-2.44835, -1.47664
2.12096, -0.809191
-1.05016, -1.27139
3.91565, -0.546645
2.71676, -0.720996
-0.393149, -1.17447
3.07206, -0.668783
5.05639, -0.378714
3.31872, -0.631397
-3.14853, -1.57476
3.63832, -0.583966
-2.51509, -1.48149
-0.691135, -1.21468
4.71526, -0.425691
4.5373, -0.449668
2.6941, -0.71791
1.39393, -0.90735
-2.50901, -1.47669
1.64383, -0.87061
-0.418052, -1.17089
-2.54115, -1.48019
2.56898, -0.734428
-1.53116, -1.33224
-0.656441, -1.20455
4.29447, -0.481293
3.29235, -0.627202
-0.670131, -1.20512
1.56919, -0.878368
-0.179602, -1.13191
0.744329, -0.996233
4.57191, -0.436687
2.77953, -0.697973
-1.68443, -1.34918
-0.952224, -1.24189
2.96379, -0.669966
-0.730625, -1.2084
0.766433, -0.989245
4.42078, -0.456014
5.37288, -0.317028
5.64215, -0.277284
3.72487, -0.556826
3.66533, -0.562935
3.34004, -0.609453
4.37596, -0.458143
1.7979, -0.83375
-2.02361, -1.39062
4.39006, -0.45255
0.371271, -1.03777
2.58555, -0.713881
0.316494, -1.04479
-1.42759, -1.29898
5.08708, -0.348311
4.25326, -0.469155
2.90754, -0.663565
-1.59297, -1.32004
-1.96718, -1.37429
5.87539, -0.229083
1.71559, -0.835784
5.39748, -0.297229
3.36529, -0.592625
5.19275, -0.325468
-2.00975, -1.37455
-3.07085, -1.52849
4.92695, -0.361395
4.32928, -0.446103
3.17489, -0.614228
1.1331, -0.911209
5.3888, -0.290336
-2.29331, -1.41065
2.47688, -0.713092
2.73626, -0.674634
3.74196, -0.527421
3.61023, -0.544187
5.25856, -0.303366
-0.261002, -1.10845
-2.9368, -1.49603
-1.1441, -1.23411
-2.33808, -1.40823
-0.369439, -1.12044
-1.40599, -1.27162
-1.98596, -1.35538
-0.482051, -1.13549
3.79009, -0.511804
2.3067, -0.727822
5.44907, -0.26904
1.87599, -0.790293
4.58621, -0.394185
3.46849, -0.556938
3.82723, -0.504471
5.69674, -0.231269
0.734459, -0.954162
-2.2355, -1.38695
3.83925, -0.499939
5.49279, -0.258587
2.98574, -0.623874
1.59956, -0.824233
4.23242, -0.439734
5.71109, -0.223632
-2.52294, -1.42455
-2.94792, -1.48505
2.96042, -0.621155
2.20165, -0.731618
-2.83561, -1.46645
-2.02578, -1.34776
2.3622, -0.707175
4.29909, -0.424422
-1.46807, -1.26577
4.24497, -0.431729
-1.86717, -1.32293
0.530455, -0.972472
3.59, -0.52604
1.92646, -0.767483
3.66481, -0.51365
5.78745, -0.203768
-1.20943, -1.2245
4.68224, -0.364948
1.02406, -0.89834
5.58993, -0.230154
3.2679, -0.568623
-1.72968, -1.29768
-0.746293, -1.1537
5.08148, -0.302299
4.18964, -0.430856
4.1272, -0.439889
0.808335, -0.923749
-2.44487, -1.3982
0.447566, -0.976106
-1.53128, -1.26465
-2.215, -1.36387
1.53179, -0.816345
3.58598, -0.515492
5.48777, -0.237845
-1.12287, -1.2
4.22713, -0.418659
-2.9121, -1.45856
1.96984, -0.745194
-1.5021, -1.24977
0.601475, -0.942732
3.31243, -0.546669
3.68592, -0.491343
-0.783512, -1.14278
3.01535, -0.5871
-2.29362, -1.36088
4.43647, -0.378012
-1.49772, -1.24313
-0.530825, -1.10163
0.191515, -0.995993
0.132494, -1.00387
1.61816, -0.786848
-1.9571, -1.30823
4.31057, -0.392456
5.65053, -0.19575
3.93447, -0.44519
1.13328, -0.851931
-1.28666, -1.2043
0.364475, -0.963064
4.70193, -0.328687
-1.96947, -1.30135
-0.522104, -1.09018
2.2126, -0.689884
-3.19445, -1.47817
0.643343, -0.916509
0.368901, -0.955983
-1.84449, -1.27805
1.42747, -0.799805
-2.80539, -1.41684
-1.46951, -1.22154
1.31571, -0.814899
1.40649, -0.800756
-0.694161, -1.10676
2.9329, -0.577532
4.22844, -0.388534
-2.19247, -1.32395
-1.01759, -1.15189
4.87419, -0.292229
1.50819, -0.783223
3.11459, -0.548655
3.77255, -0.452499
-0.58908, -1.08817
-0.2623, -1.03974
2.28238, -0.667969
5.1632, -0.246413
-0.00722852, -1.00058
-1.46465, -1.21296
1.78242, -0.737181
1.38515, -0.795038
5.19187, -0.239441
-0.264661, -1.03536
2.25599, -0.667627
2.92587, -0.56968
3.29781, -0.515391
-0.354171, -1.04744
-0.0263105, -0.998579
-0.460096, -1.06113
-3.23913, -1.4658
-1.25687, -1.17643
1.40488, -0.78734
-2.00001, -1.28352
-2.1434, -1.30335
-0.518124, -1.06533
1.59948, -0.756042
-0.405753, -1.04835
-3.10416, -1.44182
5.75461, -0.148606
5.12953, -0.239439
1.41293, -0.780769
-1.40791, -1.19231
5.10057, -0.242688
-0.879191, -1.11507
-1.05127, -1.13977
0.505606, -0.911582
4.9773, -0.258414
2.3007, -0.64804
0.886058, -0.851982
1.64992, -0.740425
5.0252, -0.247441
-1.40788, -1.1859
5.44968, -0.184338
1.89533, -0.702093
2.57953, -0.600325
-3.11563, -1.431
-1.31184, -1.16738
-1.07549, -1.13284
2.16597, -0.659521
5.68914, -0.145112
1.95181, -0.69016
0.85919, -0.848767
5.08517, -0.231986
-2.90108, -1.39674
2.78398, -0.56664
-0.148174, -0.994308
4.80159, -0.272176
2.53305, -0.602254
1.67494, -0.727328
4.2457, -0.351963
-3.32424, -1.45377
4.22223, -0.352605
3.2267, -0.497338
4.47567, -0.314664
-2.10733, -1.27495
5.71219, -0.134066
2.8037, -0.558316
-3.01995, -1.40789
-2.7959, -1.37494
2.45541, -0.607754
3.38761, -0.471441
1.02222, -0.81399
3.80153, -0.40847
2.89867, -0.539984
2.31476, -0.624638
-0.118107, -0.979437
0.957431, -0.822136
-0.817621, -1.07982
0.774351, -0.847397
1.78936, -0.697097
-2.81622, -1.3679
1.0319, -0.806332
2.40417, -0.605816
4.81802, -0.252467
1.23478, -0.774868
-2.08695, -1.25607
-0.842067, -1.07409
-2.16408, -1.26692
1.7204, -0.699151
4.97446, -0.224102
5.59423, -0.133401
5.19967, -0.189818
5.47448, -0.149491
0.74513, -0.839397
-1.64997, -1.18811
0.0666334, -0.93695
-3.3319, -1.4312
-1.41533, -1.15141
5.41204, -0.154263
-0.142318, -0.964432
2.12382, -0.633006
-2.23695, -1.26855
3.19022, -0.476323
5.47709, -0.142422
-1.09937, -1.10095
-2.76983, -1.34444
2.05646, -0.640195
-0.0752817, -0.950482
3.39127, -0.444097
5.16326, -0.184905
0.24738, -0.900125
3.06468, -0.488656
4.62493, -0.260816
3.09482, -0.48341
3.96211, -0.354471
-3.03759, -1.37559
2.17077, -0.614347
3.63263, -0.400603
3.46562, -0.424762
-0.426334, -0.992285
-2.52806, -1.29863
2.60551, -0.548579
-0.075024, -0.937509
2.59773, -0.547503
2.86038, -0.508604
3.86461, -0.362019
2.59373, -0.546792
2.12375, -0.61535
0.398274, -0.867009
1.82175, -0.658031
-1.15016, -1.08889
3.32267, -0.435499
0.815636, -0.799992
-2.44115, -1.27495
1.54231, -0.693354
3.65452, -0.384843
5.13823, -0.167597
4.4921, -0.259794
3.56359, -0.394866
3.55006, -0.39666
-0.592923, -1
-2.91757, -1.33879
2.76719, -0.509382
0.142269, -0.892311
3.84428, -0.350811
4.27819, -0.285971
3.09556, -0.45799
-3.32522, -1.39436
1.15301, -0.740352
-0.782465, -1.02229
5.46023, -0.110798
-0.772774, -1.01961
-0.67596, -1.0053
-2.7574, -1.30864
-1.83191, -1.17323
3.53274, -0.390153
5.50319, -0.10268
-0.280097, -0.946311
-2.69461, -1.29774
2.90457, -0.480515
4.90964, -0.18697
5.13772, -0.152543
-2.79918, -1.3089
0.734513, -0.792897
4.11596, -0.29935
-2.11141, -1.20744
3.02785, -0.456437
1.45112, -0.685726
-1.39243, -1.0998
-1.70052, -1.14387
1.58479, -0.664362
-0.102799, -0.910499
-2.72425, -1.29109
-3.0536, -1.33901
1.07029, -0.735058
-0.211514, -0.920667
5.41972, -0.0990356
5.20079, -0.130976
-1.48759, -1.10584
5.59865, -0.0718724
1.14038, -0.720559
3.56687, -0.366376
-1.0385, -1.03799
0.455675, -0.819376
5.17753, -0.129256
-0.277097, -0.92209
1.58167, -0.650903
-1.73222, -1.13401
1.61021, -0.646349
4.87431, -0.170042
0.676258, -0.782321
3.5583, -0.361589
-2.63729, -1.26469
-1.83029, -1.14555
-1.70801, -1.12714
1.31968, -0.685358
0.0428066, -0.870969
1.80941, -0.612439
-2.01897, -1.1688
-2.91563, -1.29879
2.33165, -0.533191
3.62288, -0.34438
-3.0628, -1.3166
3.1748, -0.405853
3.90113, -0.299002
3.82972, -0.30891
0.12171, -0.848324
4.8546, -0.15743
-1.48223, -1.0816
1.71403, -0.615216
5.30119, -0.0910582
1.81425, -0.59972
5.05783, -0.12621
-2.48941, -1.22723
0.970091, -0.722023
0.593208, -0.776464
-2.07886, -1.16603
-1.27614, -1.04472
-3.4287, -1.35733
-2.75641, -1.25886
0.14635, -0.835268
4.47909, -0.20259
-3.07468, -1.3045
-3.03572, -1.29719
0.317106, -0.807855
4.27167, -0.23079
3.10668, -0.400734
0.671968, -0.754991
-1.90736, -1.131
4.71266, -0.164917
-2.94687, -1.28001
0.428222, -0.787199
0.285731, -0.807919
-1.72943, -1.10139
0.864335, -0.720919
4.11809, -0.245403
-3.3289, -1.33086
1.51789, -0.623078
1.85398, -0.573714
-1.60687, -1.07848
-2.07081, -1.1453
-1.43073, -1.05139
-0.57714, -0.926572
-3.35742, -1.33179
-2.17708, -1.15934
4.25369, -0.221035
0.126436, -0.82296
-1.05968, -0.994853
-0.114018, -0.855986
-2.11554, -1.14796
0.540702, -0.75976
-0.877407, -0.966187
2.38485, -0.490033
-2.56078, -1.21151
-2.22169, -1.1611
3.00056, -0.398915
4.56503, -0.169969
0.658743, -0.738971
-1.40898, -1.04007
-2.08147, -1.13781
0.506569, -0.760109
-1.49525, -1.0516
-1.00811, -0.979838
3.36197, -0.340836
5.34943, -0.0508367
2.05059, -0.530913
-0.00422263, -0.829835
3.77162, -0.278891
-2.74396, -1.22816
3.48152, -0.319782
-1.27864, -1.01409
-1.29034, -1.01546
2.60294, -0.445802
2.64947, -0.438969
-0.612539, -0.914828
-2.31389, -1.16303
0.722107, -0.719982
0.0434179, -0.81652
5.27794, -0.0527777
3.10842, -0.368859
-0.520146, -0.895823
0.533466, -0.74204
1.10672, -0.657501
1.18089, -0.645352
1.8437, -0.548643
-2.5833, -1.19432
3.78328, -0.264615
-0.033309, -0.820999
-2.59929, -1.19429
-2.08298, -1.11889
0.819086, -0.694516
0.0103139, -0.811986
-0.0620461, -0.821947
0.823269, -0.692038
-0.0483255, -0.81912
1.30623, -0.61875
3.43833, -0.306299
3.73888, -0.262432
1.92096, -0.527323
5.51566, -0.00258712
-3.29313, -1.28763
-1.1289, -0.970608
-0.365259, -0.858507
-2.53873, -1.17392
3.06958, -0.355284
5.49927, 0.000197795
0.81534, -0.682553
-1.38205, -1.00278
2.92009, -0.374485
2.53695, -0.429287
2.36874, -0.452745
3.44327, -0.295488
-0.091419, -0.809932
3.65993, -0.261183
-3.27299, -1.27255
0.574435, -0.708048
2.96978, -0.357905
-1.716, -1.04106
4.15797, -0.184046
3.73442, -0.245472
-2.82363, -1.2009
1.35189, -0.591171
-3.33396, -1.27452
0.0583904, -0.77871
-1.86868, -1.05982
3.94447, -0.211329
-0.47279, -0.855705
-1.88111, -1.06115
0.93711, -0.649767
0.129112, -0.766879
-0.292583, -0.828091
4.87935, -0.073165
-3.46117, -1.28977
-2.98599, -1.21961
0.233589, -0.749843
4.02172, -0.195929
-0.649092, -0.876983
-3.21264, -1.25032
-3.03062, -1.22233
-0.624334, -0.871279
1.23131, -0.599439
-1.42059, -0.985969
-0.35727, -0.830655
5.17945, -0.0219154
-2.96469, -1.20795
0.13082, -0.75472
-2.29161, -1.10745
2.91311, -0.348041
-2.42665, -1.12676
2.25815, -0.442613
-2.64615, -1.15717
0.858281, -0.645531
4.05514, -0.176985
-0.242934, -0.802375
3.31344, -0.28299
2.25196, -0.437183
0.638496, -0.671829
2.88951, -0.342748
4.53765, -0.100442
1.54094, -0.537605
0.249457, -0.725767
4.7582, -0.0678264
5.12969, -0.0134555
4.94758, -0.0395617
2.44201, -0.40488
4.16716, -0.152563
1.36492, -0.561307
-2.87916, -1.18031
0.50283, -0.686677
2.10649, -0.452505
-1.92932, -1.04109
3.66074, -0.225164
-1.82223, -1.02423
-0.654555, -0.853202
3.04962, -0.31266
-0.769837, -0.868734
-1.4097, -0.960704
3.11215, -0.300555
4.04593, -0.163798
4.39071, -0.113434
-1.39479, -0.955862
4.87331, -0.0410058
-2.40312, -1.10247
4.73819, -0.0605793
4.25322, -0.131045
-2.29587, -1.08641
0.0737, -0.740184
3.61648, -0.222084
4.09415, -0.152042
-1.13581, -0.913548
-0.47608, -0.815074
0.381881, -0.689527
2.7319, -0.344819
4.30351, -0.114169
3.23497, -0.269632
0.496953, -0.667369
3.85412, -0.177518
3.16627, -0.277519
-1.00512, -0.885664
-1.37608, -0.939543
1.86919, -0.464803
-2.49973, -1.10042
-0.0849653, -0.74794
-2.24037, -1.06064
4.14297, -0.129051
-0.84502, -0.856289
1.18034, -0.559733
3.58286, -0.209103
1.10246, -0.570451
-2.93776, -1.15945
0.0665081, -0.720894
3.25818, -0.254183
2.30271, -0.392166
4.74485, -0.0352665
0.39742, -0.669117
3.69555, -0.187535
-2.11722, -1.03486
4.22366, -0.109634
-2.50594, -1.0914
4.40411, -0.0820922
2.74657, -0.323861
5.12003, 0.0230679
-2.54255, -1.09475
0.0573925, -0.715022
-0.791451, -0.83882
1.23366, -0.543078
0.9819, -0.579378
-1.66968, -0.965633
2.57434, -0.346403
3.95865, -0.144145
1.82537, -0.455259
4.56194, -0.0554103
2.06039, -0.419656
2.13887, -0.408143
-2.53575, -1.08877
-0.340707, -0.767996
-2.85237, -1.13369
0.240753, -0.681966
3.31513, -0.232785
4.66907, -0.0343209
3.27283, -0.237629
4.67696, -0.0323498
1.09499, -0.554845
-0.857925, -0.839198
3.9473, -0.137424
1.23534, -0.531245
-1.99513, -1.00118
-0.667652, -0.805981
-2.61959, -1.08999
0.513386, -0.632819
2.81277, -0.297199
0.81485, -0.588335
0.184896, -0.680233
0.386185, -0.650861
-1.72021, -0.957587
-1.13152, -0.871614
-0.255146, -0.743756
1.94359, -0.422814
1.82062, -0.439599
-2.94669, -1.13484
2.54989, -0.332213
-0.347141, -0.75304
4.72194, -0.0128514
4.6415, -0.0242357
-2.12726, -1.01168
5.38602, 0.0849848
1.51515, -0.478789
4.43819, -0.0504488
-0.369375, -0.75175
4.37299, -0.0595663
0.43728, -0.631252
1.14315, -0.528011
2.20121, -0.372599
0.133517, -0.67385
4.05336, -0.0994361
3.31926, -0.206537
-2.94511, -1.12
-1.69436, -0.935792
0.892381, -0.5581
0.0550552, -0.680101
2.11932, -0.378794
-1.8779, -0.961624
-1.11716, -0.849779
-0.645246, -0.780766
3.79881, -0.131294
-1.72384, -0.935234
3.03879, -0.240159
4.52533, -0.0229151
1.21071, -0.506348
0.941815, -0.545477
4.71654, 0.00613821
4.89567, 0.032365
3.30126, -0.199401
4.72644, 0.00866944
4.98342, 0.0466446
-2.72715, -1.07783
-0.0140314, -0.681556
4.13442, -0.0758802
4.948, 0.0447991
-0.427416, -0.739072
-0.150797, -0.698591
5.28449, 0.0953235
-0.228431, -0.70854
4.87479, 0.0367572
-2.72975, -1.0722
-0.359627, -0.726378
-3.68165, -1.20928
0.995784, -0.52662
4.36304, -0.0347696
2.1887, -0.351659
-0.189298, -0.698323
1.48191, -0.453892
-1.97508, -0.958122
-0.154175, -0.69236
4.06053, -0.0773104
-2.0924, -0.974958
-2.86574, -1.0878
-0.601316, -0.756084
-0.0763445, -0.678692
-0.686454, -0.766537
2.70507, -0.27163
-2.63063, -1.04928
1.70384, -0.41602
-2.446, -1.02129
5.21424, 0.0964167
-2.0098, -0.957021
2.12933, -0.352942
-1.96094, -0.949374
-2.7073, -1.05788
5.00458, 0.0673365
4.75042, 0.0304568
-2.05076, -0.961327
-0.58702, -0.747426
3.12361, -0.205856
5.17169, 0.0937311
0.723511, -0.552734
4.12774, -0.0555963
-2.51961, -1.02479
-0.103012, -0.671915
0.345533, -0.605502
1.27973, -0.468875
5.34152, 0.125027
-0.797874, -0.769892
4.25839, -0.03158
2.38829, -0.302156
3.57655, -0.12846
2.14261, -0.336017
0.211267, -0.616701
-3.23203, -1.11685
0.0945077, -0.630377
0.338363, -0.594379
1.59006, -0.410273
3.19822, -0.174939
4.63623, 0.036866
3.75421, -0.0900872
2.73519, -0.237662
1.90021, -0.358578
3.95555, -0.0586041
-3.26606, -1.1121
-0.898246, -0.766654
0.420858, -0.574029
3.81105, -0.0790555
1.54213, -0.409547
2.35764, -0.290522
-1.63595, -0.872064
4.90318, 0.0822551
-0.338011, -0.681739
2.37428, -0.285266
-0.731959, -0.737433
4.89118, 0.0831124
-0.699899, -0.732177
0.282427, -0.587929
2.02548, -0.33335
-2.695, -1.02107
-2.33759, -0.968429
-1.32503, -0.820243
4.09932, -0.0286481
4.4192, 0.0192856
0.484042, -0.554095
3.69886, -0.0848762
3.32053, -0.139397
-1.83238, -0.890686
4.5251, 0.0371415
2.853, -0.206682
-1.30761, -0.812005
4.1508, -0.0149136
4.94638, 0.1013
-1.52816, -0.842516
-0.960746, -0.75786
2.4209, -0.263622
2.8924, -0.194804
-1.99852, -0.908212
-3.7408, -1.16205
-1.23505, -0.795892
3.70335, -0.0731658
1.30555, -0.422794
-1.59301, -0.845446
4.04455, -0.0225179
-1.91412, -0.890998
-2.38255, -0.959318
-1.51629, -0.832723
1.86894, -0.338509
-0.356314, -0.661784
-2.81634, -1.02064
3.41319, -0.10994
-3.00525, -1.04458
0.571825, -0.522274
-2.93725, -1.03415
-3.04758, -1.04929
2.36221, -0.259788
-1.67422, -0.848568
-2.39306, -0.95296
-0.978791, -0.746447
1.80207, -0.337778
-1.28505, -0.788044
-0.223107, -0.632973
-0.506956, -0.674221
1.6794, -0.354805
1.24727, -0.416558
-0.730249, -0.704274
-1.12884, -0.761736
0.323412, -0.549772
-2.53114, -0.965502
4.91475, 0.124753
-3.03785, -1.0349
3.39881, -0.0952523
1.3045, -0.399776
-1.478, -0.805262
-2.98389, -1.02474
1.07815, -0.431767
2.15061, -0.275035
0.248531, -0.552521
-2.67298, -0.978461
-2.98693, -1.02405
-2.75766, -0.989377
-1.88876, -0.862329
5.04706, 0.151272
3.95705, -0.00753566
5.14203, 0.165828
5.23371, 0.179725
-1.5734, -0.812835
-1.58834, -0.812441
1.76791, -0.321826
-0.930198, -0.715482
5.15268, 0.172916
-3.5896, -1.10122
4.04454, 0.0125953
-0.186398, -0.604404
-1.59853, -0.81036
-0.681969, -0.674298
0.37596, -0.518407
-0.535039, -0.651301
4.47821, 0.0802382
-1.2359, -0.752926
0.499915, -0.498724
2.71688, -0.174989
-0.399195, -0.627761
3.45649, -0.0651367
-3.12267, -1.02423
-0.772997, -0.680884
5.22914, 0.196711
0.997995, -0.420015
1.6575, -0.322896
2.70338, -0.170206
-2.59493, -0.942944
-3.36248, -1.05469
5.07106, 0.175762
1.98435, -0.271861
3.51151, -0.0486554
-3.66263, -1.09512
-1.01343, -0.707643
0.900885, -0.428158
-0.890941, -0.68793
4.91281, 0.158937
3.91866, 0.0171169
-1.12277, -0.717507
-3.62936, -1.08154
4.12876, 0.0503543
-0.835975, -0.673754
-1.09371, -0.711258
0.334989, -0.502607
-2.14211, -0.8632
3.76026, -0.00068719
3.79585, 0.00540601
-3.81171, -1.10423
2.01151, -0.254036
1.06182, -0.392328
1.78436, -0.28676
-1.42545, -0.754824
-1.05578, -0.700335
0.918108, -0.411825
-2.10796, -0.852091
-2.58343, -0.920329
-2.96291, -0.975586
-1.50387, -0.762548
-2.83094, -0.955598
3.54203, -0.0251013
-1.89293, -0.817567
-2.94342, -0.969611
1.27938, -0.352737
-0.345985, -0.589108
4.12488, 0.0649046
2.4228, -0.183299
-2.03659, -0.833486
2.20717, -0.213947
-1.49686, -0.753244
1.37987, -0.3333
2.43408, -0.179006
-0.304899, -0.577784
-3.03386, -0.975512
1.95751, -0.246779
-3.29095, -1.01243
-0.0905208, -0.545294
2.95065, -0.101274
-1.43262, -0.740133
-1.21423, -0.708228
-2.08059, -0.834558
-2.16484, -0.84604
3.79798, 0.0251031
0.964149, -0.385945
-3.74444, -1.07227
2.63967, -0.139964
1.20663, -0.348817
-3.85002, -1.08543
-3.79635, -1.07739
1.73297, -0.269782
1.25162, -0.339929
0.970291, -0.380268
-0.496958, -0.590017
3.49884, -0.00658042
1.85956, -0.245232
1.41813, -0.309459
0.838491, -0.393232
0.485319, -0.443914
-0.505827, -0.587918
-2.69851, -0.906978
-1.31945, -0.7054
3.21402, -0.0430303
1.00713, -0.36397
-0.739234, -0.618666
-0.126765, -0.527906
1.32896, -0.315306
1.93283, -0.226892
-0.959148, -0.648662
4.95815, 0.215332
0.229829, -0.473168
5.10476, 0.238154
4.85363, 0.202663
2.92513, -0.0777681
-1.14167, -0.670182
2.85568, -0.0866904
-1.23782, -0.683904
-1.37585, -0.703499
-2.76756, -0.90591
-0.261606, -0.539185
4.94668, 0.220682
3.09644, -0.0491525
0.209886, -0.470271
-0.30106, -0.544674
-2.89699, -0.923353
0.35134, -0.449359
0.15037, -0.478363
-0.395317, -0.557838
-2.67674, -0.89002
1.0579, -0.344669
-1.09134, -0.658139
4.77642, 0.198276
-2.0451, -0.796701
3.80267, 0.056837
3.30247, -0.0160283
0.352531, -0.44562
3.03577, -0.054139
-0.974075, -0.638623
0.536077, -0.418223
3.9312, 0.0772854
-1.98991, -0.784682
-1.56034, -0.721674
-0.070045, -0.503603
-0.444035, -0.557648
2.06254, -0.191229
2.41248, -0.140074
4.46473, 0.160279
4.21687, 0.124331
-0.734948, -0.596907
4.53926, 0.172701
3.83913, 0.0720844
2.73353, -0.0878698
4.84408, 0.220633
-0.12795, -0.504507
0.49638, -0.413317
4.83934, 0.220879
-3.73824, -1.03037
2.64995, -0.0974197
1.08591, -0.325124
-1.08218, -0.641336
4.14433, 0.12178
-0.365352, -0.53575
1.58191, -0.251197
3.88718, 0.0853814
4.60807, 0.191545
0.440921, -0.416077
3.83633, 0.0793348
-0.816606, -0.599089
3.99755, 0.104178
4.06513, 0.114667
3.1952, -0.0112453
3.12189, -0.020849
2.06022, -0.174956
1.51684, -0.254
-0.298654, -0.518814
4.60993, 0.198787
5.12384, 0.276558
4.7491, 0.222412
5.04143, 0.265071
-0.870158, -0.597274
-1.91103, -0.749101
-1.08839, -0.628049
-1.09233, -0.628298
0.693236, -0.367184
-0.959225, -0.607552
-1.00585, -0.61029
4.232, 0.154405
-0.450812, -0.527279
0.849742, -0.33749
-3.39571, -0.953576
1.13524, -0.29178
-0.0133634, -0.457735
0.72769, -0.349281
-0.404535, -0.514268
-1.14366, -0.621024
-2.83864, -0.866936
-1.19094, -0.625746
0.771539, -0.338636
4.48129, 0.202878
1.51536, -0.228979
-1.68534, -0.695691
-3.71603, -0.991844
0.568756, -0.366291
0.173889, -0.423557
-3.40755, -0.945686
3.12003, 0.0072873
-0.48501, -0.518418
4.17823, 0.162445
3.85831, 0.116179
0.129961, -0.42707
0.803842, -0.327712
4.96594, 0.279758
2.32359, -0.105453
-2.42501, -0.797455
-1.53688, -0.667182
-0.0771075, -0.454023
3.87944, 0.12373
-3.75727, -0.990114
-3.806, -0.997116
-2.64518, -0.826271
3.0237, 0.000854584
-1.83075, -0.7069
-2.12991, -0.74898
-3.12884, -0.89448
-1.58734, -0.669473
-0.237375, -0.47115
-0.605249, -0.524576
2.49933, -0.0710601
0.156141, -0.412297
0.875081, -0.306274
-1.4484, -0.644757
4.25241, 0.187475
-1.36997, -0.632491
-1.77225, -0.690956
-2.6424, -0.816541
-2.03194, -0.726935
4.17854, 0.179576
3.49159, 0.0803278
3.14704, 0.031268
0.689668, -0.326587
4.22216, 0.19093
-3.38327, -0.918133
-0.365726, -0.477679
0.853269, -0.299647
2.42011, -0.0695324
3.86768, 0.142267
-0.460445, -0.488679
-1.10428, -0.577825
-0.604415, -0.504536
3.60891, 0.110296
2.22307, -0.0915753
-0.23949, -0.450344
-3.63973, -0.944408
-0.813188, -0.53044
2.78993, -0.00457625
4.04983, 0.181922
-3.39937, -0.904538
3.92777, 0.164866
-3.45424, -0.911756
0.138465, -0.38724
-0.220543, -0.438188
-2.00455, -0.698314
-2.31328, -0.740355
-1.88017, -0.674692
0.747812, -0.2912
4.54467, 0.265725
2.09827, -0.0909349
3.38242, 0.0966828
4.39311, 0.245841
-2.90157, -0.818342
3.0052, 0.0440793
-1.80499, -0.657231
2.1497, -0.079306
3.40312, 0.103893
-1.55166, -0.61803
-1.85293, -0.661748
-2.24908, -0.719033
0.837069, -0.268615
0.793017, -0.27413
4.89551, 0.324765
3.88229, 0.177003
-3.03253, -0.831434
1.25975, -0.203654
0.745978, -0.278438
-3.41107, -0.8838
4.83967, 0.320169
1.18488, -0.210372
-0.932856, -0.51826
-0.254972, -0.418148
-3.51697, -0.893414
-2.70493, -0.773387
3.0272, 0.0633818
-0.48551, -0.448833
2.70997, 0.0173833
3.98874, 0.204236
-0.775412, -0.490658
-2.78259, -0.78295
0.757116, -0.266377
-0.0187745, -0.379035
-2.80492, -0.784936
-0.778363, -0.488596
-0.316159, -0.420886
3.38013, 0.118593
2.96937, 0.0586893
0.261451, -0.335992
2.71421, 0.0221762
-1.9113, -0.65215
3.8523, 0.188991
-1.52529, -0.595484
-2.35381, -0.71441
-2.80244, -0.77984
4.99497, 0.358202
-2.84718, -0.784416
0.796384, -0.252048
4.3318, 0.265348
-3.02606, -0.806659
-3.13965, -0.822402
2.11958, -0.0549544
1.59356, -0.130545
4.1348, 0.240242
1.09054, -0.203142
1.04742, -0.207178
3.43996, 0.142426
-1.71218, -0.608642
-2.01182, -0.650139
-0.798155, -0.47222
0.0454195, -0.349061
1.00045, -0.209175
-1.6766, -0.59946
-2.97469, -0.788679
-1.41412, -0.560867
0.969509, -0.212454
2.42109, -0.00059748
-0.342348, -0.403752
-3.91051, -0.924262
2.59106, 0.0247537
4.29169, 0.274105
0.153201, -0.329595
-3.26255, -0.82789
-0.863905, -0.477203
-2.61266, -0.732279
3.69701, 0.188808
2.26697, -0.0190641
2.99434, 0.0872764
-0.632014, -0.440997
1.12569, -0.183848
2.17047, -0.0313522
-0.159264, -0.370799
-2.56193, -0.71863
-0.0395227, -0.350582
4.14823, 0.260735
3.93932, 0.23123
-1.15393, -0.511217
-2.65963, -0.730779
3.54706, 0.175899
-1.6686, -0.584821
4.38211, 0.298392
3.37453, 0.152786
4.93449, 0.38046
-2.18293, -0.657256
-3.31875, -0.821715
2.77281, 0.0682069
0.0602339, -0.327277
2.85217, 0.0801058
3.27902, 0.143073
-2.39347, -0.683746
-3.1282, -0.790157
-2.1331, -0.644197
1.23463, -0.152293
-3.63228, -0.861533
4.42662, 0.315353
-1.64328, -0.567548
-2.7325, -0.725598
0.840642, -0.203621
-0.316417, -0.371409
0.920921, -0.188112
-0.655704, -0.415961
3.6973, 0.219372
4.55554, 0.345519
-0.6336, -0.411201
0.216669, -0.286864
-2.47351, -0.677343
3.7866, 0.23603
-1.95194, -0.601013
0.998987, -0.17042
4.75327, 0.378037
1.24653, -0.1335
1.39756, -0.111157
4.30469, 0.313345
-3.11082, -0.767254
1.60671, -0.0787504
-3.59288, -0.836164
4.86375, 0.397565
3.20647, 0.15661
0.440319, -0.246531
-4.04386, -0.900655
-3.4285, -0.81059
3.5481, 0.207594
-0.862519, -0.43448
4.91201, 0.409353
-2.23456, -0.633216
1.91353, -0.027945
-0.6109, -0.39602
2.32369, 0.0324142
-2.63636, -0.691185
4.28666, 0.318876
0.0966312, -0.292339
-2.58089, -0.680671
-0.571505, -0.386713
-1.12082, -0.466409
3.94419, 0.274018
-1.48258, -0.517264
1.77187, -0.0422736
-4.14586, -0.904558
1.47255, -0.0842312
-1.10486, -0.459539
4.33971, 0.335726
3.00892, 0.141708
0.638714, -0.20407
-3.44242, -0.798172
-3.13753, -0.753163
4.54921, 0.368465
-3.05632, -0.74086
3.8948, 0.273645
3.23402, 0.178182
-0.803844, -0.410584
4.4992, 0.363918
2.96173, 0.141202
-2.51602, -0.657346
-0.981338, -0.432762
-0.20883, -0.319885
-2.77319, -0.693627
-2.57245, -0.664001
-0.0887316, -0.301004
-3.34803, -0.776206
-1.8392, -0.55574
4.18239, 0.323677
0.674232, -0.187947
-3.86528, -0.850074
-2.13879, -0.597789
-3.71269, -0.826366
0.928698, -0.148987
-3.19162, -0.749706
4.54329, 0.378908
-2.32813, -0.623219
3.26143, 0.19347
2.40805, 0.0690572
2.599, 0.098222
3.24915, 0.193575
-2.14876, -0.592979
-0.227233, -0.312545
-0.154667, -0.30115
-0.515069, -0.353648
-1.53104, -0.501791
4.72445, 0.411923
-4.13599, -0.879941
-2.63612, -0.66063
0.145307, -0.254797
0.114277, -0.258435
1.22018, -0.0967703
4.2223, 0.341519
-0.175112, -0.299503
-3.52093, -0.78746
-2.66729, -0.659851
-3.08627, -0.717843
-2.62887, -0.650761
0.0274456, -0.261989
-0.854334, -0.390422
-3.96865, -0.84389
-0.849311, -0.387801
-1.09387, -0.422183
4.86396, 0.447447
2.78478, 0.144223
-1.83964, -0.528859
-1.29232, -0.44867
1.76599, -0.000434321
0.76255, -0.146648
-3.27188, -0.733388
4.84215, 0.450394
3.8824, 0.311985
2.95945, 0.177624
3.08471, 0.197322
2.43484, 0.102783
2.89951, 0.17128
2.46986, 0.108778
2.6581, 0.138247
3.58878, 0.275609
2.16314, 0.0687002
-4.14911, -0.851546
1.78244, 0.017006
-3.25702, -0.717488
1.68564, 0.00432003
-2.52448, -0.609302
-2.20047, -0.560196
1.59068, -0.00677974
3.42192, 0.260593
-3.45796, -0.742753
4.61614, 0.436136
-1.15888, -0.403578
-1.12948, -0.398248
-0.270041, -0.272022
0.860276, -0.106158
0.886933, -0.1022
1.76323, 0.0271502
-3.38682, -0.723999
1.04248, -0.0766175
-3.22977, -0.699829
3.73426, 0.317328
4.21498, 0.388204
-0.511814, -0.300079
-2.38294, -0.570507
-0.79567, -0.337948
2.32517, 0.118126
0.739581, -0.113011
-2.0594, -0.521313
2.69959, 0.173534
2.96432, 0.213356
1.95913, 0.0674969
-0.717673, -0.32287
-3.79837, -0.772079
2.71736, 0.178993
-0.656491, -0.312085
-1.29098, -0.404357
0.895054, -0.0839229
0.709131, -0.109955
3.39978, 0.283339
1.29446, -0.0238171
-2.08051, -0.516166
-4.10075, -0.809918
-0.402845, -0.26865
0.517105, -0.134103
-0.157592, -0.232305
2.5809, 0.167559
0.0395795, -0.203144
4.69549, 0.47701
-4.19528, -0.819937
-1.76457, -0.465309
1.0449, -0.0543232
1.03626, -0.0555102
2.18786, 0.113157
-2.30109, -0.541018
-1.43702, -0.414645
0.935105, -0.068019
-0.347976, -0.255114
-1.17466, -0.374736
1.19051, -0.0293275
4.51031, 0.455894
1.90908, 0.0776628
-3.65024, -0.732635
3.4795, 0.30755
-3.40675, -0.696956
-3.45855, -0.703426
-3.64011, -0.729661
4.17069, 0.410439
2.98545, 0.23768
2.97655, 0.238404
4.45036, 0.456541
3.65902, 0.342354
2.55914, 0.182704
-1.08817, -0.34932
-1.01314, -0.337761
2.42046, 0.163323
2.12069, 0.119613
-0.765538, -0.301294
4.57878, 0.479841
0.877258, -0.0582232
3.60433, 0.339796
-2.98983, -0.621972
1.91976, 0.0944547
4.28547, 0.439899
-2.44, -0.540683
-1.21646, -0.361014
-3.93347, -0.756431
-2.26759, -0.513094
-3.33366, -0.668097
4.60298, 0.490472
3.21057, 0.287364
2.78989, 0.226357
3.48477, 0.32877
-2.16876, -0.495414
-3.86152, -0.741865
1.2087, -0.00119804
-2.91931, -0.603351
3.75797, 0.372011
4.4547, 0.473878
-3.26769, -0.652125
-3.99189, -0.756907
-3.28224, -0.648101
-1.85301, -0.439288
0.0363014, -0.163658
-3.21527, -0.637178
3.75834, 0.381261
2.09114, 0.140692
2.55763, 0.209448
3.9458, 0.413282
0.61051, -0.0726418
-3.11516, -0.615713
-1.3301, -0.35381
-2.06645, -0.460902
1.4267, 0.0494949
2.70452, 0.236404
4.10117, 0.44031
-2.78581, -0.563816
-2.4751, -0.51848
-1.09135, -0.315804
0.591129, -0.0695336
-3.95543, -0.732231
3.04913, 0.290772
2.77403, 0.251754
-0.674388, -0.250783
-1.67321, -0.395586
3.58892, 0.372742
-1.9684, -0.437662
0.437937, -0.0850724
-2.71426, -0.54242
-2.60947, -0.526313
2.89808, 0.277377
0.816705, -0.0249361
-2.83194, -0.556735
-3.34983, -0.631034
1.13545, 0.0233418
0.720255, -0.0363047
-0.226005, -0.174208
3.11818, 0.314227
3.70773, 0.400486
2.50027, 0.225955
-0.39942, -0.196451
2.84088, 0.27686
1.07683, 0.0201264
-3.95541, -0.713771
0.539707, -0.0578397
-4.31624, -0.765729
2.24846, 0.192515
-2.66761, -0.5243
-0.057519, -0.143497
-0.693926, -0.235638
-2.16921, -0.4499
2.60106, 0.246904
-2.9733, -0.566142
-0.627991, -0.223201
-3.59728, -0.655249
2.46804, 0.229801
-1.39905, -0.331179
3.8954, 0.441324
0.277876, -0.0853937
-3.24074, -0.595853
-4.24516, -0.738328
2.46498, 0.240586
-3.42022, -0.617413
2.41325, 0.234265
4.59649, 0.553361
-4.06665, -0.710335
-1.8167, -0.378838
-2.65085, -0.49993
0.126544, -0.094525
2.99928, 0.324639
3.94095, 0.463907
0.855378, 0.0139289
-2.07237, -0.41256
-2.11791, -0.418373
-3.34935, -0.59799
4.56051, 0.557501
2.56726, 0.267002
-2.13838, -0.41945
1.49745, 0.111031
1.94956, 0.177601
2.77661, 0.298651
2.3177, 0.232008
3.6983, 0.434131
0.518656, -0.0294676
2.81811, 0.306994
-3.85548, -0.666089
2.69087, 0.289082
-3.03052, -0.544208
2.40967, 0.249551
0.337872, -0.0525799
3.7058, 0.441827
-2.34351, -0.439621
-2.50596, -0.46306
-2.39149, -0.443543
-1.26593, -0.278773
-2.3298, -0.433075
0.163584, -0.0691555
-3.27231, -0.569694
-1.62148, -0.327216
2.93505, 0.339436
-0.490279, -0.15966
-2.20076, -0.409157
3.04585, 0.356343
4.31005, 0.541418
0.395412, -0.0291178
3.36805, 0.405015
1.62964, 0.151424
2.67272, 0.30433
1.32218, 0.10806
-2.07696, -0.387427
-2.78542, -0.49035
2.19931, 0.237134
-3.64246, -0.615029
4.41763, 0.56098
1.76732, 0.174585
0.924632, 0.0516822
-3.29286, -0.562965
1.8936, 0.194011
-0.51776, -0.157346
-0.150209, -0.103591
-0.731091, -0.185813
-3.04682, -0.522719
-1.46011, -0.290526
-0.0613585, -0.0853189
-3.10293, -0.529031
0.954503, 0.0630875
-2.78769, -0.482339
2.97656, 0.361028
-3.50631, -0.584011
0.725317, 0.0336833
-1.7715, -0.330466
1.32084, 0.120904
3.97693, 0.509021
0.835571, 0.0510958
-1.21949, -0.24826
-3.6747, -0.606326
3.99337, 0.512867
-2.77813, -0.474578
2.10546, 0.238929
2.6937, 0.326712
1.72951, 0.187392
-2.1563, -0.379411
1.84003, 0.203781
3.1791, 0.399511
-3.0994, -0.516298
3.52022, 0.449504
-3.99532, -0.646288
-2.69942, -0.455706
0.902742, 0.0700748
-0.483736, -0.131908
-1.34037, -0.256407
2.39422, 0.289315
-1.40326, -0.264087
-4.229, -0.675782
-0.692935, -0.159213
0.810017, 0.0601621
-0.273158, -0.0955648
4.36021, 0.580481
-4.33989, -0.688771
1.85521, 0.215052
3.5317, 0.459653
-3.10054, -0.507607
0.00409244, -0.0546359
-2.81537, -0.464796
4.37963, 0.585961
2.01103, 0.240816
1.33885, 0.142846
-2.50258, -0.417598
-3.57647, -0.573143
-3.60298, -0.576994
-4.21004, -0.664769
2.2338, 0.280677
0.0915278, -0.0317045
3.92953, 0.529086
3.97355, 0.535815
0.491358, 0.0299035
0.442365, 0.0229506
3.47556, 0.465681
-1.4708, -0.254102
2.78081, 0.366779
0.15433, -0.0163651
2.52683, 0.329975
-3.88347, -0.605207
3.45245, 0.465418
-3.71825, -0.580619
2.68482, 0.3547
1.5247, 0.185602
0.0753165, -0.0256034
-1.58398, -0.266239
0.420678, 0.0266782
1.31713, 0.158104
0.867701, 0.0940209
-2.10877, -0.340004
2.5996, 0.348156
4.24566, 0.589127
0.0865246, -0.0176433
1.05806, 0.124554
-3.32175, -0.513241
0.0599238, -0.0197705
-1.07789, -0.185392
3.51162, 0.484275
4.55606, 0.638285
-2.9583, -0.457819
-2.2424, -0.352871
-0.902308, -0.157075
-4.30309, -0.652802
1.26482, 0.159483
3.17457, 0.438191
1.33076, 0.170071
-2.27476, -0.355617
-3.01707, -0.463486
-0.585599, -0.108699
2.66353, 0.368982
1.14745, 0.149328
-1.52477, -0.239367
-2.7789, -0.422288
-3.93184, -0.59043
3.46209, 0.489431
-4.12336, -0.616745
0.206876, 0.0155332
2.48036, 0.347632
-0.644255, -0.108074
-0.896833, -0.144816
3.3817, 0.479942
-3.28291, -0.491462
3.76979, 0.537908
1.98779, 0.278865
4.07803, 0.586877
-2.1189, -0.317194
0.179713, 0.0185
3.99031, 0.574514
-2.61224, -0.388402
1.89244, 0.270337
-4.23835, -0.623876
1.63711, 0.234904
2.49116, 0.359853
-3.85296, -0.564872
0.527808, 0.0756209
-2.35693, -0.344419
0.306432, 0.0443668
-0.655776, -0.0949159
2.58103, 0.377414
-3.22269, -0.468859
2.47249, 0.362113
-1.33022, -0.192662
-0.636606, -0.0911356
-0.127568, -0.0167597
-1.25309, -0.180715
3.71009, 0.543343
3.23613, 0.476058
-2.89417, -0.417673
-1.32613, -0.18821
-2.0106, -0.287652
3.58482, 0.528672
3.52635, 0.521497
2.91019, 0.432113
-2.20007, -0.313147
-2.18046, -0.310096
3.5607, 0.528901
3.38752, 0.504543
0.696325, 0.112012
1.15217, 0.17876
4.0151, 0.596575
-3.8937, -0.557008
-3.18363, -0.453293
0.546584, 0.0911787
3.88531, 0.580525
1.86135, 0.28578
-2.12288, -0.295341
-2.36528, -0.329919
3.7543, 0.565827
2.25044, 0.346783
0.825345, 0.139874
0.323224, 0.0686893
-0.848208, -0.100784
-3.00784, -0.415204
-1.45002, -0.186679
-0.858845, -0.100275
1.46478, 0.238911
-1.32706, -0.167993
0.651699, 0.121232
3.91822, 0.598047
0.479832, 0.0969527
-0.0855594, 0.0149044
1.66367, 0.27088
2.31751, 0.367731
4.20818, 0.644498
-3.97907, -0.549136
-3.75881, -0.516086
-3.92967, -0.540384
-3.01745, -0.407206
-0.604131, -0.054826
0.820525, 0.153862
-2.41178, -0.317596
0.878793, 0.162854
0.243862, 0.0707494
-2.07619, -0.267418
1.05869, 0.190102
-3.00608, -0.401289
-1.91885, -0.242635
0.285369, 0.0796345
-0.338486, -0.0108479
1.71929, 0.290024
-0.510094, -0.0347535
4.07128, 0.634394
-2.45951, -0.318012
4.08891, 0.637472
3.3879, 0.536124
-3.87857, -0.52334
-0.0054561, 0.0417005
-3.90667, -0.526264
-0.810357, -0.0730021
2.3999, 0.396325
1.84274, 0.315462
-3.14835, -0.411323
-3.64856, -0.483486
-2.27362, -0.282432
0.127193, 0.0683886
2.06786, 0.35305
-3.93528, -0.5221
-0.948174, -0.086318
2.21041, 0.374795
2.9539, 0.486116
-0.240775, 0.0211373
-0.762863, -0.0542478
-1.60883, -0.176244
3.45807, 0.563421
3.80366, 0.614837
0.11334, 0.0766375
-2.75985, -0.340126
0.866237, 0.189001
3.22092, 0.532646
4.19018, 0.674253
0.988418, 0.208055
-3.9808, -0.516869
1.48838, 0.281224
2.68296, 0.457031
-2.93432, -0.36154
3.93436, 0.642685
3.90726, 0.639727
2.9555, 0.501413
1.64436, 0.310938
4.1217, 0.672791
-1.76924, -0.185927
-2.59313, -0.306035
-3.62613, -0.455614
3.87548, 0.638994
-3.41891, -0.423871
1.60464, 0.309229
-4.01923, -0.509754
-1.45217, -0.135234
-2.06662, -0.224738
0.168742, 0.103363
-1.68365, -0.166572
2.85012, 0.494982
-2.2723, -0.250384
0.924997, 0.216222
-1.73444, -0.171728
-0.210522, 0.0507995
0.0102973, 0.0830514
-4.26722, -0.540904
-4.06182, -0.509978
-4.52502, -0.577119
2.92141, 0.509864
1.45714, 0.29671
1.40397, 0.291695
-3.56879, -0.432631
1.62498, 0.326507
-2.37542, -0.256959
-2.34814, -0.251916
1.4447, 0.302307
-4.59833, -0.578472
2.19532, 0.413247
3.41014, 0.591252
-0.251257, 0.0573339
-0.989905, -0.0494352
1.96096, 0.381365
-3.70315, -0.44441
-2.69064, -0.296638
-4.60137, -0.57535
-3.80401, -0.458306
1.20538, 0.272779
2.28392, 0.430891
-1.04503, -0.0537029
1.29282, 0.288009
0.612654, 0.189581
-2.49435, -0.263416
-2.34365, -0.239395
-2.79805, -0.303244
-1.08674, -0.0528388
2.48077, 0.467835
-3.86439, -0.457086
-1.29273, -0.0809277
1.15515, 0.276552
-0.37527, 0.0533166
0.929294, 0.243969
-2.01167, -0.183889
-0.42673, 0.0479701
-2.00991, -0.181981
1.88179, 0.38725
4.08749, 0.709327
3.80411, 0.669744
4.27363, 0.739168
2.2693, 0.446802
-2.17957, -0.201929
-1.37256, -0.0808675
1.51685, 0.341563
3.37654, 0.613039
-4.31618, -0.508578
-1.32489, -0.0719552
2.76886, 0.528158
3.62813, 0.654643
-4.62514, -0.548899
1.64552, 0.366172
-3.0218, -0.314047
2.18964, 0.446674
-4.47227, -0.523138
-3.20529, -0.338009
4.14835, 0.735455
1.06359, 0.286724
-4.34165, -0.501549
-2.46636, -0.227734
3.91187, 0.703227
-0.690344, 0.0328604
-1.24649, -0.0477172
-1.97234, -0.152365
-0.902343, 0.0039844
3.98492, 0.717168
4.24136, 0.754681
-1.83796, -0.131827
-1.0127, -0.0107303
-2.43136, -0.217111
-1.29542, -0.0506394
3.37507, 0.631501
2.20224, 0.460564
-1.02817, -0.010653
-0.426459, 0.077461
-1.52295, -0.0824098
1.16577, 0.310761
3.90179, 0.710604
-1.9681, -0.144415
-0.919299, 0.00930874
3.86267, 0.707532
-4.06807, -0.449136
3.33568, 0.63099
2.18373, 0.46421
4.17671, 0.755315
1.24915, 0.328322
1.07419, 0.302925
-2.6384, -0.238546
2.83656, 0.560256
2.67421, 0.538205
-1.06055, -0.00535319
3.62573, 0.678304
-1.06559, -0.00582108
-3.31676, -0.334239
-3.25847, -0.325202
-3.03847, -0.291692
-2.07948, -0.151324
3.88372, 0.718971
-0.990997, 0.00827321
-2.92402, -0.273384
-3.60232, -0.370612
2.64252, 0.540683
-1.70377, -0.0924664
0.011969, 0.158206
0.0342016, 0.161764
-1.60546, -0.0772463
1.48575, 0.374109
-4.54195, -0.504317
1.45436, 0.371146
-3.20195, -0.307872
3.09817, 0.611534
0.174344, 0.18566
-3.17082, -0.302316
-3.79955, -0.393968
-0.462242, 0.0935785
-3.67036, -0.374079
-1.35575, -0.034539
1.12765, 0.328482
-1.96845, -0.12279
-1.61966, -0.0717408
4.07376, 0.759337
-2.84531, -0.249484
-1.12187, 0.00248228
2.61976, 0.548975
0.831573, 0.288859
-2.1592, -0.146666
-2.25603, -0.159911
-4.10198, -0.429071
-2.19479, -0.150703
2.85782, 0.586785
0.429342, 0.233388
-2.42583, -0.182607
3.41995, 0.670459
-4.33337, -0.460103
-0.361246, 0.1202
3.21643, 0.64351
0.400408, 0.232874
4.22033, 0.790143
-3.68088, -0.362411
0.400614, 0.233413
-2.44606, -0.180653
-2.11852, -0.132237
-0.777812, 0.0637803
-2.99615, -0.259198
-2.40127, -0.172105
-0.679604, 0.0792009
-1.55744, -0.0487216
-2.48758, -0.18418
1.65762, 0.421264
3.11793, 0.634688
0.619212, 0.271368
-0.736136, 0.0743933
-2.90596, -0.241404
2.32042, 0.521202
0.949018, 0.322154
-4.06325, -0.409069
0.978578, 0.326996
2.39615, 0.534227
1.28926, 0.375693
-4.66958, -0.493443
-2.03776, -0.109193
-4.61679, -0.48543
1.26811, 0.374293
-0.637876, 0.0966239
-1.14358, 0.0235027
-1.87186, -0.082021
4.22597, 0.809472
-3.53687, -0.322332
-2.00574, -0.0984175
3.12393, 0.65025
2.03202, 0.491038
-1.31035, 0.00513873
-2.77413, -0.206496
-2.87829, -0.22088
-3.91242, -0.37125
-4.37775, -0.43897
1.21247, 0.376813
2.21758, 0.523904
2.87043, 0.619956
-4.52192, -0.458074
-1.88675, -0.0725296
-2.31335, -0.132262
3.25168, 0.680196
-4.54591, -0.4562
1.74414, 0.463247
-2.26632, -0.121698
-2.07185, -0.0930093
-4.56819, -0.456011
-2.55879, -0.162805
0.887158, 0.340278
2.83715, 0.625208
-1.52666, -0.0107909
-1.73483, -0.0403989
3.47275, 0.719398
-2.43488, -0.142245
-1.74951, -0.0421241
-0.855109, 0.0892184
-2.00072, -0.0775764
-2.9163, -0.210552
-2.78299, -0.190736
-2.48903, -0.147465
-3.33504, -0.270615
2.40781, 0.567902
3.39795, 0.713368
3.80401, 0.775358
-4.29529, -0.405313
1.40233, 0.427175
-4.76425, -0.471948
-4.04236, -0.365757
0.477144, 0.294238
3.01042, 0.66382
2.07889, 0.528595
1.43649, 0.436325
-0.214446, 0.195623
-0.0800008, 0.215398
0.15533, 0.253735
-2.88075, -0.188406
2.20009, 0.553212
-0.0461842, 0.225536
2.20593, 0.555408
-4.72101, -0.454704
-1.87557, -0.0393077
-3.42083, -0.264651
-4.2408, -0.383426
-4.35472, -0.399588
2.31086, 0.57336
-4.71094, -0.450795
-1.15671, 0.0680412
3.09834, 0.689122
-2.89538, -0.184789
-4.20104, -0.374283
1.03601, 0.390308
-0.575669, 0.15541
-2.14649, -0.0735936
-4.7338, -0.450726
-1.1619, 0.0707568
1.47557, 0.455654
3.37857, 0.734026
0.894258, 0.37366
1.74969, 0.498553
-4.33565, -0.388311
0.569469, 0.328365
-4.0793, -0.349496
2.06345, 0.546908
-3.36917, -0.245297
0.850017, 0.370304
2.80305, 0.655414
-1.6716, 0.00434292
-4.25171, -0.370785
3.45454, 0.753512
2.43705, 0.605756
-4.02896, -0.337163
3.40771, 0.748751
-4.11007, -0.347415
2.80885, 0.66306
-1.43611, 0.0456868
-3.59041, -0.267641
-0.683684, 0.156713
-0.86118, 0.132138
3.03576, 0.700819
3.95426, 0.836058
-1.52711, 0.0369483
-1.28221, 0.0730842
-0.793168, 0.14532
1.41364, 0.468311
-3.39011, -0.231887
1.41232, 0.470735
3.77431, 0.815583
-2.73951, -0.134423
3.36495, 0.756728
2.02631, 0.56192
-3.25386, -0.206456
-2.90557, -0.155067
2.87484, 0.688517
-1.92042, -0.00991393
-4.41037, -0.372898
1.09339, 0.430142
0.173964, 0.298008
1.70987, 0.522151
1.80086, 0.536241
-3.5686, -0.247078
-2.38459, -0.0738628
-4.17929, -0.334181
-3.91657, -0.293348
-4.37629, -0.359917
-0.7488, 0.171017
-0.644817, 0.186643
0.858363, 0.406377
0.686832, 0.381779
-0.248396, 0.24615
-1.36831, 0.0830101
4.11827, 0.883609
-2.42194, -0.0696198
-0.964491, 0.143093
0.509988, 0.358836
3.95846, 0.862075
-3.38069, -0.208024
-4.43226, -0.36002
-2.95553, -0.144583
3.60305, 0.812989
1.92968, 0.568915
-0.780841, 0.173703
-2.21538, -0.0351097
-2.76839, -0.114069
-4.76657, -0.405527
-4.10318, -0.30771
1.68808, 0.537955
-2.75141, -0.109315
-4.54048, -0.369162
3.27621, 0.771988
0.32039, 0.340863
-2.88783, -0.126918
-4.4171, -0.349693
-0.862873, 0.170524
0.369695, 0.351051
0.391899, 0.356697
-2.38589, -0.0476267
0.0208414, 0.303615
-2.41646, -0.0518727
2.68093, 0.691891
2.01212, 0.594622
-4.56045, -0.363564
-0.987932, 0.15817
-0.560184, 0.220773
1.68728, 0.548748
-0.439446, 0.238549
3.64204, 0.83434
3.75165, 0.850338
-3.85009, -0.258473
0.127443, 0.322621
-1.4455, 0.0941815
1.88756, 0.580454
-4.8138, -0.396547
-2.67601, -0.0840551
-4.38012, -0.332485
-3.93453, -0.267099
-2.39309, -0.041448
2.39681, 0.658213
2.15613, 0.624962
2.53261, 0.682775
-4.54178, -0.348903
-2.11501, 0.00548681
-0.928815, 0.178713
-4.87987, -0.395143
4.15541, 0.923075
2.27914, 0.650421
-3.84841, -0.242751
0.0640211, 0.328153
1.50135, 0.53946
-2.93949, -0.105021
2.88481, 0.745372
-0.542177, 0.245846
-4.49527, -0.330386
2.58249, 0.702502
-1.51714, 0.104997
1.36969, 0.526156
-3.20682, -0.141482
-1.52134, 0.104589
0.696897, 0.431237
1.77288, 0.588367
-2.97527, -0.104041
-1.66395, 0.0880437
-4.43099, -0.315604
-4.68014, -0.351707
3.00481, 0.769493
1.80824, 0.595105
-0.98113, 0.188262
-0.179869, 0.305183
-3.92661, -0.240936
0.0351139, 0.337238
2.11519, 0.641565
-0.343317, 0.283111
-1.8589, 0.0625262
3.05877, 0.781458
-3.01719, -0.104553
1.34096, 0.531826
2.6821, 0.727587
-3.5957, -0.187301
3.88779, 0.904894
2.6029, 0.717548
-3.07092, -0.110066
-4.74905, -0.352851
-0.574106, 0.257096
-4.82442, -0.362648
2.63828, 0.72632
-2.99231, -0.0940638
-1.55086, 0.116664
-3.73362, -0.201449
2.87769, 0.764057
-1.15397, 0.176029
-2.28276, 0.0128772
-4.36991, -0.29121
1.68362, 0.592061
2.99549, 0.783961
-2.89049, -0.0736039
2.28497, 0.682091
-4.38922, -0.291412
-4.90298, -0.366268
-1.05162, 0.197047
-3.83473, -0.205926
1.8422, 0.6223
3.8606, 0.916801
0.650513, 0.448522
-3.82353, -0.203212
-3.63483, -0.17553
-1.20793, 0.179863
-1.89974, 0.0796531
0.274076, 0.397635
-2.30547, 0.0224656
-0.398413, 0.301833
3.52561, 0.875115
3.22568, 0.831814
-4.20976, -0.251464
0.486169, 0.433694
1.16102, 0.532526
-1.21882, 0.185411
2.55232, 0.736629
-3.46978, -0.140029
2.67367, 0.757591
0.367797, 0.421835
3.52447, 0.88265
1.21766, 0.546483
-1.41447, 0.162656
0.656999, 0.465225
3.43391, 0.870896
-1.95865, 0.0867133
-3.19842, -0.0939281
2.94152, 0.801858
-2.68038, -0.0182384
-0.174367, 0.348761
3.90793, 0.944327
3.22883, 0.845315
-3.35995, -0.115392
-0.269426, 0.336415
2.14651, 0.68906
-4.5759, -0.290566
1.51116, 0.598012
0.429985, 0.440785
-3.06158, -0.0670551
-1.15545, 0.211297
2.09591, 0.685969
3.20784, 0.849996
-1.81175, 0.118057
-1.20331, 0.207735
2.72547, 0.781362
-4.16615, -0.223861
-0.509423, 0.309908
-3.41011, -0.112874
1.01959, 0.535098
-0.714241, 0.282797
-2.92829, -0.0400291
-2.58274, 0.011533
-3.25161, -0.0837945
-3.95587, -0.186524
0.859305, 0.516861
-3.70711, -0.148464
-3.07698, -0.0559507
2.54204, 0.764161
0.651582, 0.488639
0.436912, 0.457672
-2.74221, -0.0047451
3.64136, 0.926654
-4.24864, -0.224218
0.552217, 0.477672
-4.12835, -0.204476
-0.458569, 0.331015
1.44149, 0.608568
-1.0751, 0.242472
-4.6801, -0.283318
1.26263, 0.584929
0.65856, 0.500018
0.228001, 0.437813
-0.777134, 0.292266
-0.502383, 0.333276
-2.88663, -0.014432
-0.991353, 0.262086
-4.12548, -0.194737
-1.67594, 0.16305
0.201848, 0.438745
2.69466, 0.803002
3.99684, 0.993643
-4.45853, -0.239248
-0.151496, 0.390255
-4.244, -0.206541
3.24043, 0.885401
-0.818176, 0.293354
2.23138, 0.739355
-0.737108, 0.307034
-1.1099, 0.253177
0.744676, 0.523904
3.05265, 0.861129
0.438714, 0.480045
-2.62091, 0.03382
-0.163463, 0.39251
2.81112, 0.826816
1.86121, 0.689132
0.235369, 0.454287
-0.355015, 0.369839
-1.54217, 0.198302
-1.01062, 0.276048
-2.05036, 0.124515
-3.78471, -0.128321
-0.499408, 0.351978
2.83003, 0.838162
3.1867, 0.890742
2.8987, 0.848812
0.584666, 0.511671
-3.61453, -0.100761
-2.89029, 0.00628675
-4.61371, -0.244975
-4.82986, -0.275554
3.80172, 0.985056
2.50507, 0.796464
-1.28087, 0.245645
2.16289, 0.750551
-0.609692, 0.346703
3.99665, 1.01878
1.18928, 0.609329
-3.11784, -0.0189091
-1.2563, 0.25382
2.73132, 0.836852
-3.95323, -0.137093
0.768121, 0.553627
1.18893, 0.615265
0.564889, 0.524385
-1.07863, 0.286097
-4.00948, -0.141438
2.52711, 0.81226
-2.96237, 0.0116872
3.43835, 0.945499
-0.307242, 0.399079
1.3913, 0.648609
2.34696, 0.790651
3.15243, 0.908915
-3.4167, -0.0492465
0.65508, 0.545074
-4.9437, -0.271188
2.74181, 0.851663
-2.27737, 0.119753
-0.542805, 0.373644
-1.85085, 0.183987
1.74603, 0.709399
-0.384503, 0.39872
-1.5657, 0.227223
-2.91732, 0.0315999
-1.67626, 0.213552
-0.222102, 0.427466
-1.43695, 0.250773
-2.87097, 0.0436035
-2.735, 0.0641208
-2.43276, 0.108824
-1.12616, 0.299489
0.898969, 0.595009
0.114516, 0.481696
-1.8601, 0.193809
3.00537, 0.903983
-4.67213, -0.215385
3.82852, 1.02498
-1.63033, 0.230525
2.38883, 0.818176
-3.0126, 0.0307267
-2.88511, 0.0495076
-2.38618, 0.122607
-2.22627, 0.146292
-0.0362378, 0.466052
3.7742, 1.02284
-4.97147, -0.251975
0.137702, 0.493539
-1.87907, 0.200581
-2.59939, 0.0959396
1.42872, 0.684024
2.7694, 0.880933
-0.720723, 0.372121
0.351584, 0.528899
-0.0331977, 0.473058
-0.496874, 0.405507
0.0289477, 0.482238
1.31462, 0.670579
2.82133, 0.890761
-3.76212, -0.0695872
-3.77093, -0.0699945
1.43763, 0.690279
2.2556, 0.810151
-2.68208, 0.090372
-0.281579, 0.44267
-1.8437, 0.214783
-4.37993, -0.15473
-4.52105, -0.175314
1.03656, 0.636106
-3.53457, -0.0304017
-3.96877, -0.0927937
-0.998964, 0.340489
3.41133, 0.985235
2.68845, 0.880584
-0.401908, 0.43097
1.63241, 0.729267
-2.21983, 0.168401
-4.42308, -0.152717
-2.14307, 0.179933
-2.20411, 0.172073
-3.8288, -0.062684
3.6799, 1.03317
1.4227, 0.703878
-0.0878244, 0.48473
-4.95941, -0.225687
1.11985, 0.663061
2.93786, 0.928382
0.355959, 0.55236
-1.88167, 0.226535
2.87486, 0.921039
1.6, 0.73575
0.524181, 0.579248
-4.1472, -0.100997
-4.48214, -0.1488
-4.32692, -0.124365
0.546952, 0.586988
-0.0108031, 0.505741
-2.18716, 0.189067
1.77036, 0.766611
-4.41166, -0.134253
1.56576, 0.738369
-1.30455, 0.319646
2.85608, 0.927155
2.38773, 0.858964
0.745663, 0.619982
0.0725207, 0.525256
1.78842, 0.776027
-5.02497, -0.216549
-3.60692, -0.00812284
3.5013, 1.02895
0.884544, 0.647713
-3.22954, 0.0476796
0.258785, 0.558222
-4.59703, -0.149545
-5.13828, -0.228482
-2.49436, 0.157263
-0.599871, 0.436182
-0.288431, 0.481715
0.3946, 0.582698
-4.99097, -0.202952
3.20596, 0.994748
3.27607, 1.00508
-1.71879, 0.276842
2.6173, 0.909445
-1.14688, 0.360941
-2.40003, 0.178587
-2.78188, 0.123363
-4.00538, -0.0548698
-3.14796, 0.070382
-0.817572, 0.410707
-4.69475, -0.15406
-3.41097, 0.0338408
2.97158, 0.96546
-3.7503, -0.0147524
2.41606, 0.885568
-2.30407, 0.197332
2.5317, 0.903147
0.782771, 0.649179
1.18313, 0.707621
-2.40329, 0.185103
-4.65729, -0.142723
-0.374298, 0.48387
-4.44068, -0.107452
-0.656678, 0.44581
-4.2069, -0.0715821
-0.983654, 0.398949
2.26229, 0.873467
3.17707, 1.00731
-1.51718, 0.322551
-3.23763, 0.0720121
-1.47466, 0.329779
1.51891, 0.766708
-0.1802, 0.519392
-4.51273, -0.112589
3.44301, 1.04814
0.257358, 0.584622
-4.37146, -0.0904653
-2.97105, 0.113993
0.83478, 0.669267
-1.48885, 0.332114
1.97469, 0.837519
-0.893941, 0.419116
0.961084, 0.690218
3.54228, 1.067
-0.900144, 0.418986
-4.96988, -0.174239
0.902467, 0.682502
-4.85631, -0.155258
-3.68851, 0.0154068
1.18087, 0.726224
2.51986, 0.921718
2.44866, 0.912289
3.5364, 1.07141
-1.87335, 0.282512
-2.06877, 0.255165
0.0959744, 0.572212
0.235351, 0.593066
-2.16835, 0.24242
0.188934, 0.586565
-1.79446, 0.298044
3.01922, 1.00121
-1.34333, 0.365323
-3.38829, 0.0682227
0.482894, 0.633317
-3.5825, 0.0413471
-1.94811, 0.28025
-1.6464, 0.325262
2.35063, 0.909526
-4.67844, -0.115923
-3.70004, 0.0271543
2.78955, 0.974378
0.0276735, 0.571875
-3.21543, 0.101374
-2.48992, 0.207471
0.749561, 0.680546
-0.770953, 0.459388
0.145287, 0.59314
-3.78853, 0.0194793
2.24055, 0.900424
-0.65056, 0.479291
1.32041, 0.767015
0.335303, 0.623631
2.17021, 0.892543
-3.64186, 0.044644
3.55741, 1.09585
-2.81856, 0.165655
-3.15503, 0.118007
-0.464857, 0.511802
3.80383, 1.13459
3.20355, 1.04731
-3.13501, 0.124135
-4.09, -0.0147511
-2.80635, 0.173334
-1.29513, 0.394204
-1.3476, 0.386686
2.32361, 0.92254
-2.8823, 0.163049
1.54134, 0.808513
-3.79724, 0.0298486
1.14127, 0.750785
-0.173457, 0.559143
2.27329, 0.917672
-1.00327, 0.439722
-3.70556, 0.04599
-0.577177, 0.502564
2.73766, 0.986284
2.16081, 0.902319
-0.173186, 0.561889
-3.05925, 0.140903
-4.80572, -0.112656
1.16764, 0.758925
0.378169, 0.644214
-0.769269, 0.478496
3.23377, 1.0628
3.66361, 1.12585
-0.202663, 0.562393
-1.26316, 0.409024
3.67379, 1.12937
3.17969, 1.05814
-2.73798, 0.195976
-1.2448, 0.414927
2.36256, 0.941679
-1.82853, 0.33086
-3.25043, 0.123894
3.27448, 1.07647
1.49721, 0.817804
0.641337, 0.693927
3.33523, 1.08739
1.62949, 0.841629
1.67354, 0.848864
1.96573, 0.891992
2.03831, 0.903004
-1.55358, 0.378996
2.36711, 0.951
2.03528, 0.90346
1.72999, 0.859774
0.325991, 0.654943
3.43689, 1.10903
-4.51266, -0.0503148
0.402371, 0.668176
-4.5498, -0.053628
-3.49054, 0.101775
-3.85422, 0.0489517
-4.96065, -0.112034
3.37259, 1.10406
-3.52255, 0.0984785
-2.40073, 0.26242
1.69425, 0.860674
-2.83682, 0.200013
3.4313, 1.11552
-2.52667, 0.246413
-3.09356, 0.164184
-2.64619, 0.230119
1.14136, 0.782661
0.445426, 0.681617
2.30867, 0.953586
-0.974658, 0.475098
2.17902, 0.936471
-0.959444, 0.478611
3.23361, 1.09181
-4.04543, 0.0299378
-1.47273, 0.406108
1.7512, 0.877129
-4.0846, 0.0258702
-1.28011, 0.435582
3.65383, 1.15763
-2.31716, 0.286592
1.82875, 0.891595
-2.68735, 0.233176
-1.08285, 0.467397
1.4832, 0.842123
3.17094, 1.09025
-4.77754, -0.0682378
-2.483, 0.266801
-4.47106, -0.0207771
-3.06977, 0.184464
-2.99613, 0.195313
2.88668, 1.05419
-4.46093, -0.0175333
2.36516, 0.980435
3.66109, 1.16951
-2.74022, 0.235882
2.3987, 0.987869
-3.57664, 0.116191
2.35232, 0.982362
-4.22204, 0.0242549
-1.07304, 0.483718
-4.48578, -0.0140334
1.6407, 0.879781
-1.81247, 0.376875
-3.91286, 0.0706007
-2.7748, 0.237509
-0.249836, 0.606543
1.88194, 0.91768
1.45024, 0.8552
2.38906, 0.992431
-3.62704, 0.116572
-4.73694, -0.0444172
-2.78035, 0.241442
-1.82771, 0.380869
0.973392, 0.790233
3.15732, 1.10905
1.67318, 0.893082
-4.36835, 0.012069
2.71127, 1.04514
-1.1101, 0.490439
-1.8204, 0.386878
3.57051, 1.17407
-1.236, 0.473427
-2.65557, 0.267456
-2.45276, 0.298012
-1.54413, 0.430823
1.68561, 0.902576
1.97049, 0.944916
1.70239, 0.906926
-3.69685, 0.119219
1.86944, 0.93194
-4.70938, -0.0275361
-1.39215, 0.457236
0.560964, 0.742313
-4.61393, -0.012205
3.17922, 1.12535
-3.27244, 0.184806
-4.22571, 0.045828
-0.805986, 0.546003
-4.9243, -0.0539567
-0.74707, 0.555793
-3.56836, 0.144622
0.122413, 0.687425
1.64576, 0.909808
-3.08947, 0.219224
-5.31305, -0.104452
-0.175735, 0.645377
-4.45261, 0.0216737
0.778553, 0.784951
2.66995, 1.06102
-2.69389, 0.279216
2.1646, 0.989631
2.69941, 1.0679
-3.60746, 0.148735
-2.88387, 0.255556
0.704532, 0.779143
-5.27002, -0.0920541
3.42464, 1.1767
-3.1119, 0.223272
1.87443, 0.950738
3.11737, 1.1322
1.2023, 0.853073
-4.04594, 0.0879093
-1.21108, 0.501801
-2.72941, 0.280574
-0.0339465, 0.673999
1.04955, 0.832321
-4.78076, -0.0181389
2.3746, 1.0261
-2.07641, 0.377323
1.46397, 0.894496
-0.0740971, 0.670418
-0.526645, 0.60465
-2.2016, 0.360303
2.87786, 1.10168
-3.10606, 0.228854
-1.28404, 0.494859
0.408072, 0.742001
-0.99441, 0.537665
-3.45079, 0.179896
1.53047, 0.907093
-3.29374, 0.203779
-1.7722, 0.430552
-2.23975, 0.363858
-2.96882, 0.259387
1.96536, 0.97933
-2.62302, 0.313414
2.73162, 1.09509
0.83008, 0.818798
-5.24016, -0.0667277
-4.64459, 0.0201886
-1.10059, 0.540905
2.71421, 1.09779
-1.99349, 0.411508
2.92761, 1.13304
1.24238, 0.887195
0.0243682, 0.709512
-2.55395, 0.334437
0.217133, 0.73924
1.83634, 0.975796
1.48969, 0.926606
-4.05142, 0.119118
-0.413863, 0.650939
3.42488, 1.21138
1.82932, 0.978812
3.19154, 1.17795
-3.97637, 0.132822
0.119409, 0.731445
2.59229, 1.09258
3.52396, 1.22902
1.36612, 0.914348
0.726278, 0.821196
2.36685, 1.06195
-2.27166, 0.386072
-0.328192, 0.669978
-0.388108, 0.661237
-2.48841, 0.355374
0.329335, 0.766614
0.189872, 0.747686
-2.0359, 0.423787
-3.08178, 0.271623
2.48915, 1.08476
1.86422, 0.99387
3.24103, 1.19729
2.48154, 1.08696
-5.38017, -0.0592375
-0.621675, 0.635247
-3.30391, 0.244355
-2.84751, 0.311096
2.61518, 1.10823
-3.73907, 0.181923
-2.56026, 0.354253
-4.16845, 0.122338
2.75552, 1.13267
3.60869, 1.25787
-2.91211, 0.306703
-1.51161, 0.511218
2.08463, 1.03592
-3.04416, 0.288438
0.920875, 0.867016
-4.5895, 0.0635874
-0.264405, 0.694561
-0.170484, 0.709679
-1.52401, 0.51324
-3.57321, 0.214529
2.95265, 1.16697
0.837197, 0.858454
-0.733957, 0.629805
2.23721, 1.06328
-3.79145, 0.184192
0.996823, 0.882815
-1.70241, 0.489473
3.15145, 1.19873
-2.31859, 0.402079
1.33724, 0.935754
-1.70734, 0.492211
1.35245, 0.938946
2.88883, 1.16389
-0.0448431, 0.736765
0.925618, 0.878406
-3.73102, 0.199125
-4.54522, 0.0832783
-4.19672, 0.134677
2.67038, 1.13683
-4.01683, 0.162074
1.55804, 0.975462
3.44756, 1.25278
-2.56164, 0.376879
-4.11367, 0.151036
-5.36303, -0.0308571
-1.82009, 0.486609
2.33642, 1.09373
-1.81874, 0.487604
0.59073, 0.839154
-5.33266, -0.0249674
0.553727, 0.834975
0.203152, 0.784181
-1.29383, 0.567468
-2.72299, 0.359759
-0.839239, 0.636
-1.64622, 0.51854
-2.33423, 0.41861
-1.24182, 0.578298
2.78065, 1.16539
2.49042, 1.12335
-0.832355, 0.638647
-4.09142, 0.163502
-2.16584, 0.445349
-4.58942, 0.0929929
-1.3509, 0.56549
1.36214, 0.962432
1.40357, 0.970294
-2.58405, 0.392423
1.38888, 0.973603
-3.31554, 0.289669
-1.92481, 0.492608
-1.70241, 0.52533
3.29009, 1.25503
0.806311, 0.894233
3.53015, 1.29218
-3.22643, 0.306537
3.34264, 1.26665
-5.21956, 0.0187726
-0.504068, 0.707548
0.288828, 0.823451
-2.16331, 0.466057
-4.78436, 0.0840021
2.69934, 1.17639
2.49562, 1.14692
-4.07096, 0.191339
-2.82216, 0.373771
-3.61129, 0.258842
-2.80934, 0.377305
3.29497, 1.26921
-1.65063, 0.548303
-5.40883, 0.000234787
-4.55455, 0.126953
0.420961, 0.853094
3.20104, 1.26005
0.0200663, 0.796845
0.513722, 0.869893
-4.67533, 0.113435
-5.02449, 0.0638375
-5.48207, -0.00105664
-1.4035, 0.594694
-1.12119, 0.636461
-2.24585, 0.472942
3.10745, 1.25434
-4.15837, 0.195477
-1.37072, 0.603096
-4.47969, 0.150347
-3.64739, 0.272016
-2.7948, 0.397879
3.55869, 1.32534
0.821419, 0.927066
-1.22056, 0.629191
-3.02863, 0.368462
-1.20209, 0.63527
-5.39455, 0.0242098
3.07025, 1.25924
-1.26868, 0.629584
0.34246, 0.865872
-2.42366, 0.462331
-1.92076, 0.53671
-5.50278, 0.0145675
2.31487, 1.15681
-0.0375223, 0.814868
-2.33054, 0.481185
-5.19284, 0.0640881
-0.207145, 0.792278
-2.86085, 0.40579
3.1506, 1.2838
-4.50591, 0.166905
2.39934, 1.17439
-4.41403, 0.184531
-3.88167, 0.262645
0.738712, 0.936966
2.14909, 1.1432
-1.19943, 0.655614
-3.22162, 0.361076
-2.1325, 0.520096
-5.40822, 0.0423029
1.00767, 0.978465
-5.0904, 0.0892251
0.878178, 0.960007
-3.05009, 0.387365
0.924322, 0.967468
-0.926855, 0.697881
-1.1765, 0.662313
-5.10636, 0.0895972
-2.91988, 0.408869
-3.33773, 0.348232
-0.296471, 0.792258
-2.79355, 0.428423
0.587731, 0.923838
-5.21745, 0.0770327
-3.38675, 0.344166
-1.64265, 0.60177
2.19901, 1.16229
-4.91764, 0.124098
-2.51532, 0.47564
-5.5057, 0.0402347
-4.43831, 0.196113
-3.70368, 0.303952
0.950573, 0.983473
1.77512, 1.1039
-2.34533, 0.50392
1.85265, 1.11765
1.57008, 1.07769
-0.0696391, 0.838623
-3.47798, 0.342248
3.49672, 1.36049
-3.66554, 0.315855
-3.89775, 0.282221
2.26184, 1.18092
-0.537401, 0.77434
3.43783, 1.3552
-2.33555, 0.513269
-0.360954, 0.802133
1.12226, 1.01855
0.128301, 0.874192
0.982635, 0.99905
-2.38677, 0.508966
0.966342, 0.998421
-2.52014, 0.490453
-5.4616, 0.0614252
0.660146, 0.955165
-1.63818, 0.620561
-2.90615, 0.43562
-5.3009, 0.0878152
-3.3469, 0.373795
-0.673256, 0.763895
3.43436, 1.36331
-0.0942457, 0.849071
-0.271924, 0.823815
-0.367096, 0.810475
0.0237582, 0.867857
-1.17363, 0.695323
-0.179896, 0.84084
1.07728, 1.02536
-2.71832, 0.471786
-1.13449, 0.70426
-4.23366, 0.253982
-0.852174, 0.747796
0.503959, 0.946212
0.482744, 0.943571
1.25885, 1.05696
1.75437, 1.12965
-0.180208, 0.849347
2.31801, 1.21393
2.86315, 1.29432
-5.00982, 0.146454
2.2922, 1.21205
-1.39016, 0.676231
-0.657094, 0.783889
-3.15784, 0.419755
-1.68364, 0.635032
-1.83132, 0.614263
-0.49055, 0.81018
-2.07305, 0.579929
0.888913, 1.01269
-2.85974, 0.466001
-2.57053, 0.50911
0.17763, 0.910494
0.961728, 1.0251
1.87486, 1.15882
-2.74292, 0.486271
-0.247146, 0.851842
-3.97217, 0.309323
-4.12636, 0.286913
-3.22952, 0.419185
-2.85029, 0.474831
-3.93169, 0.317975
1.67551, 1.1361
-2.58577, 0.515851
-3.37874, 0.400312
-4.25611, 0.273085
-0.658816, 0.798093
-1.63635, 0.6562
-3.70706, 0.354334
1.6824, 1.14211
-0.655146, 0.801967
-3.79905, 0.344075
2.38449, 1.24636
1.62042, 1.13521
-1.22321, 0.721088
2.00624, 1.19311
-0.450088, 0.834755
0.306265, 0.946744
-4.63353, 0.227823
-5.00272, 0.174796
-0.511791, 0.83056
0.0117954, 0.9079
2.77054, 1.31047
0.729751, 1.01353
-3.63369, 0.377234
-4.5749, 0.240483
-3.04147, 0.466176
-4.97253, 0.185435
-2.78303, 0.505212
2.90667, 1.33634
0.900313, 1.0437
-0.412498, 0.852775
-3.30553, 0.43202
-1.66586, 0.67191
-2.58123, 0.539229
0.373191, 0.971129
2.30955, 1.25516
3.10887, 1.37212
-0.046486, 0.91333
-5.28445, 0.149741
-3.09188, 0.470141
1.83319, 1.19012
-4.63792, 0.2467
1.06531, 1.07916
2.97883, 1.35835
-0.747409, 0.815273
0.696756, 1.02619
-3.64747, 0.392933
0.50841, 0.999828
-5.33623, 0.147269
-4.14097, 0.321679
-2.91009, 0.501566
-4.01164, 0.341013
2.99402, 1.36311
-1.49762, 0.708245
-0.163513, 0.903768
-4.27844, 0.303519
3.04626, 1.37258
0.561259, 1.01035
2.09948, 1.23518
2.34803, 1.27225
-2.63697, 0.545208
3.31248, 1.41399
-2.51213, 0.565286
0.625201, 1.02336
2.66701, 1.32283
-4.99851, 0.20459
-3.20045, 0.469114
2.01683, 1.23268
-4.54856, 0.274956
-2.95657, 0.507506
-3.67138, 0.40372
0.87802, 1.06863
-0.86448, 0.814718
-0.163483, 0.917536
-2.97695, 0.507328
-1.93629, 0.659169
-2.78157, 0.536776
-2.6816, 0.551697
-5.42653, 0.153062
-1.91392, 0.666395
2.91072, 1.37245
-4.51119, 0.290093
1.93755, 1.23136
-2.16373, 0.635077
-2.51396, 0.584519
-2.37674, 0.605885
0.802067, 1.07124
1.57976, 1.18518
2.06401, 1.25729
-0.556129, 0.876472
2.91308, 1.38394
0.948011, 1.09774
-1.84068, 0.69094
-1.61829, 0.724076
-2.60592, 0.580357
2.02869, 1.25714
0.512023, 1.03699
-4.58503, 0.293878
-4.76775, 0.268857
-2.27742, 0.632676
2.24562, 1.29301
-2.09139, 0.660437
1.71597, 1.21634
-0.624577, 0.875795
2.28791, 1.30273
-2.25667, 0.640309
-4.38007, 0.330565
3.23063, 1.44139
-1.4996, 0.751743
-5.50612, 0.16745
-1.93731, 0.691323
-0.344689, 0.92371
-4.70007, 0.290388
-0.241911, 0.941039
-4.97123, 0.252052
0.360789, 1.03015
-3.35302, 0.489286
-4.09843, 0.380953
-1.03767, 0.827531
0.855832, 1.10416
0.0731309, 0.990324
0.00924719, 0.982202
-4.00111, 0.397363
-3.15902, 0.523132
1.30042, 1.17379
2.06913, 1.28638
0.0316304, 0.989956
-0.677863, 0.887505
0.51711, 1.06226
2.67894, 1.38012
-2.74346, 0.590029
-4.1014, 0.392489
-5.29263, 0.22044
0.951579, 1.13173
1.64942, 1.2337
-5.25686, 0.227654
-0.83468, 0.873232
-4.62927, 0.319738
2.21264, 1.31845
-1.12613, 0.831438
-0.0689472, 0.986401
-2.47525, 0.635531
-3.75127, 0.449528
-0.0182503, 0.996726
-5.35866, 0.218457
-0.252484, 0.96392
0.0804172, 1.0125
2.15112, 1.31459
-5.05293, 0.265197
-0.358195, 0.950977
2.20756, 1.32604
-4.93419, 0.284193
-3.393, 0.509849
-3.6572, 0.471652
-2.49947, 0.640571
3.09981, 1.45758
-4.02058, 0.418853
-5.60791, 0.187975
1.49689, 1.22484
3.11604, 1.46173
-0.513101, 0.932936
-1.00598, 0.862296
2.65712, 1.39683
-4.68019, 0.326635
-0.0852807, 0.998678
-1.65058, 0.771691
-3.16659, 0.551731
-2.57894, 0.637475
3.0769, 1.46317
-0.339934, 0.964908
-0.588975, 0.928916
1.17439, 1.18643
1.7324, 1.2679
-3.59765, 0.490577
-3.51899, 0.502831
-3.90368, 0.447257
-3.25108, 0.542497
-3.08803, 0.566449
-3.40343, 0.520443
2.91876, 1.44301
2.30336, 1.35339
-3.27654, 0.540147
-1.4447, 0.807442
-2.85022, 0.602449
-3.62062, 0.490129
-4.43628, 0.371167
-4.75348, 0.325854
-2.67967, 0.629953
3.15487, 1.48201
-2.72101, 0.624808
-4.7085, 0.335289
-2.90559, 0.598893
2.83447, 1.43713
-1.45286, 0.812445
-3.48052, 0.517541
-1.27193, 0.839774
-0.120576, 1.00794
-2.27071, 0.695096
0.87866, 1.15476
-1.60382, 0.792854
0.439906, 1.09221
0.309226, 1.07378
-1.72972, 0.776595
-0.547795, 0.949115
0.453739, 1.09525
-5.7439, 0.191133
-2.80238, 0.622391
3.12532, 1.48883
2.22372, 1.35757
-1.43327, 0.82464
-2.073, 0.731617
-5.46831, 0.236388
-4.29625, 0.409637
-3.01079, 0.597739
-4.02113, 0.450363
-1.30979, 0.846149
-5.27986, 0.267263
1.29239, 1.22615
-0.22934, 1.00526
1.68335, 1.28497
-1.53997, 0.814793
-3.81327, 0.48381
2.3784, 1.38854
1.8528, 1.31203
0.866861, 1.16901
0.957276, 1.18405
-3.19408, 0.57859
-4.7381, 0.35425
-4.48838, 0.390991
-1.14335, 0.879899
-4.51275, 0.388917
-1.18388, 0.875227
2.82388, 1.45994
-4.94024, 0.327657
3.17867, 1.51269
0.299121, 1.0926
2.6971, 1.4442
-1.8507, 0.783638
-1.85159, 0.784302
0.320519, 1.10128
-1.60073, 0.821303
-2.89553, 0.632708
-2.65099, 0.668361
-4.15023, 0.454609
-4.89473, 0.346689
-4.41709, 0.417516
-0.825611, 0.941859
-2.23662, 0.736659
-5.40321, 0.275209
-1.87417, 0.790116
3.05871, 1.50992
0.563093, 1.14698
-4.36386, 0.428742
-0.581576, 0.981712
0.827137, 1.18819
-2.90918, 0.643193
2.28503, 1.40198
2.73947, 1.46909
-5.64428, 0.24644
-1.37924, 0.869566
-2.12868, 0.760958
0.14755, 1.09434
-1.47053, 0.860026
2.54874, 1.44744
-3.2659, 0.59927
0.430712, 1.13904
-2.94031, 0.647279
3.15977, 1.53776
-0.764656, 0.96528
-0.405942, 1.01774
-3.02977, 0.635184
2.32666, 1.41846
-3.76444, 0.530472
-1.58359, 0.84873
1.66665, 1.32327
2.12681, 1.39087
1.19134, 1.25496
-1.79064, 0.820715
-3.01373, 0.642482
-3.19515, 0.616044
2.33608, 1.42355
2.7794, 1.48842
-1.16646, 0.913005
2.21735, 1.40744
-3.84323, 0.524303
0.767788, 1.19733
-3.97611, 0.506006
-3.00902, 0.648085
-2.72404, 0.691497
2.32683, 1.4295
-3.56284, 0.571096
-2.21911, 0.768035
-3.59791, 0.566912
-0.918546, 0.957823
0.435245, 1.15543
-1.85386, 0.821553
-3.55566, 0.574713
-0.505615, 1.02059
-3.26468, 0.618577
1.30674, 1.28592
1.08114, 1.25424
1.28859, 1.28456
2.8574, 1.51392
-1.96178, 0.813012
0.830291, 1.22147
-1.15438, 0.932108
-5.00313, 0.370951
-1.77652, 0.841686
-0.357695, 1.04909
1.54981, 1.32809
0.125126, 1.12077
-4.87575, 0.391412
-3.35207, 0.613857
-1.24201, 0.922262
0.000244066, 1.10381
0.478424, 1.17469
3.14175, 1.56476
-2.84717, 0.691411
0.877494, 1.23479
1.55667, 1.33463
-3.30173, 0.626252
-4.80301, 0.408771
-3.76709, 0.562028
-5.57606, 0.298984
-4.86065, 0.40472
-5.53854, 0.30598
-5.66483, 0.287948
1.11942, 1.27781
-0.264796, 1.07841
-1.4941, 0.899127
-5.1479, 0.366568
0.335987, 1.16848
0.243463, 1.15543
-5.55242, 0.310448
-2.29577, 0.785813
-2.77331, 0.717161
-0.324314, 1.07467
2.41351, 1.47432
-4.8012, 0.422298
2.18016, 1.44115
0.214272, 1.1547
-4.48152, 0.470345
-3.29415, 0.643702
0.598735, 1.21195
-5.18485, 0.368472
-4.51919, 0.466264
-3.22675, 0.654969
-4.94324, 0.40643
-5.82214, 0.278609
0.635749, 1.22076
-2.14215, 0.816805
1.97613, 1.41786
-5.72537, 0.294953
-1.87858, 0.857009
-3.78956, 0.578238
2.1595, 1.44785
-2.82366, 0.722214
-1.27337, 0.948636
3.10065, 1.58741
-1.80602, 0.871771
-5.62311, 0.315719
2.24436, 1.46355
-2.45861, 0.7777
0.928375, 1.27257
-4.77057, 0.442211
2.37675, 1.48531
1.46183, 1.35284
-1.42069, 0.932588
1.52708, 1.36283
3.04487, 1.58456
-4.09326, 0.543837
-3.9615, 0.56317
-2.49919, 0.77692
3.07095, 1.58959
1.31428, 1.33437
-3.4579, 0.638677
2.88449, 1.56439
-3.79663, 0.589981
-5.39453, 0.357103
0.305139, 1.18971
1.43515, 1.3551
-2.02733, 0.850167
1.6403, 1.38663
-0.885318, 1.01884
0.679418, 1.24802
-1.01396, 1.00201
-2.24419, 0.82271
-1.74945, 0.895237
-5.1905, 0.395164
2.128, 1.46295
-5.64759, 0.331366
-3.69445, 0.616622
-1.60402, 0.922258
-0.0569163, 1.14834
-0.376928, 1.10241
-5.78791, 0.313619
0.713162, 1.2642
-2.22761, 0.835324
0.326708, 1.20819
-4.92225, 0.442567
-4.81226, 0.458679
-3.6298, 0.631362
-4.74824, 0.469272
2.55247, 1.53452
-1.02595, 1.01346
-4.16489, 0.55574
-1.02512, 1.01501
1.81596, 1.43008
1.59801, 1.39835
-1.88356, 0.890898
0.947252, 1.30418
-4.87278, 0.456604
0.0813453, 1.17979
2.83639, 1.58235
-3.11325, 0.714932
2.52337, 1.5376
-3.16259, 0.708094
0.965875, 1.31088
0.296433, 1.21439
0.57601, 1.25699
-2.06787, 0.871995
-0.38013, 1.1189
-5.29711, 0.401995
1.10806, 1.33668
-2.12342, 0.866038
-3.49683, 0.66751
-3.10319, 0.724958
-0.845653, 1.05433
-2.33472, 0.837314
-2.92625, 0.751301
-1.6672, 0.935257
1.34756, 1.37533
-0.765322, 1.06762
3.08476, 1.62987
-0.238224, 1.14532
-1.97658, 0.893098
-0.99992, 1.03661
-2.29549, 0.848016
-3.96479, 0.605167
2.25874, 1.51403
-1.75704, 0.928244
-5.52069, 0.379904
-2.96326, 0.753369
1.51653, 1.408
-1.32321, 0.995116
1.29164, 1.37698
0.160402, 1.21372
0.434281, 1.25416
1.16849, 1.36151
-5.83113, 0.341549
2.92674, 1.61941
-5.59284, 0.377417
-5.89064, 0.334033
-0.770913, 1.08136
0.616123, 1.28371
-3.27385, 0.716289
-3.58099, 0.672066
-3.93235, 0.621127
0.672842, 1.29343
-1.25408, 1.0147
0.653051, 1.29375
2.86622, 1.61937
-2.70095, 0.808323
0.0622377, 1.2118
-1.11244, 1.04056
-0.788405, 1.08798
-3.01839, 0.76298
-5.80172, 0.357056
-4.50938, 0.546498
-1.75781, 0.948439
-2.69159, 0.812842
2.30591, 1.54369
0.134659, 1.227
-4.23608, 0.589761
-1.56014, 0.980823
1.15536, 1.37763
-3.8812, 0.645585
-4.23925, 0.594422
-5.03747, 0.478244
1.72743, 1.46519
-2.20651, 0.891953
-4.83067, 0.509784
2.68189, 1.60637
-4.43219, 0.568697
-2.85829, 0.798707
0.986023, 1.36045
-1.10565, 1.05584
2.80844, 1.62796
-0.257374, 1.18102
1.89553, 1.49516
-3.95274, 0.64226
-4.88984, 0.505862
-3.68678, 0.681949
-0.520561, 1.1439
-4.32806, 0.588978
-2.76333, 0.818036
0.0569954, 1.23014
-2.33891, 0.881154
-4.44707, 0.573899
0.424953, 1.28571
-5.59953, 0.407499
3.04171, 1.66948
-5.05077, 0.492007
-3.04556, 0.785274
-5.18325, 0.473579
0.884015, 1.3596
-0.552545, 1.1505
-0.398273, 1.17315
-1.99456, 0.940404
2.90146, 1.65501
-1.94146, 0.949011
-2.39978, 0.882472
-2.38125, 0.885817
-2.41375, 0.881443
-1.45219, 1.0222
0.945675, 1.37315
-2.87081, 0.81692
-3.93151, 0.662192
2.18167, 1.55404
-3.51351, 0.72346
1.04791, 1.38994
-1.47439, 1.02221
-2.47062, 0.87761
-2.41952, 0.886305
-3.99856, 0.656033
-4.10905, 0.640016
-2.60276, 0.860107
1.43481, 1.45
1.75473, 1.49736
-0.0465911, 1.2393
-4.46194, 0.595142
-1.94951, 0.962053
-2.58388, 0.87118
0.28937, 1.29084
-0.787883, 1.13406
-1.99987, 0.957309
-3.57979, 0.727425
-0.0644424, 1.2416
2.62117, 1.63347
2.92032, 1.67788
2.30472, 1.58875
-1.37927, 1.05173
-4.02784, 0.665426
0.0135934, 1.25504
-3.90353, 0.685323
-5.07091, 0.515503
0.823656, 1.37568
2.37978, 1.6038
0.0553685, 1.26472
-0.379699, 1.20191
0.772087, 1.37043
-5.19488, 0.49993
0.824435, 1.37842
1.63345, 1.49672
-2.97922, 0.823924
-1.46806, 1.04475
-0.66259, 1.16362
-1.53603, 1.03702
-0.0306129, 1.25676
-1.27772, 1.07483
-0.853645, 1.13692
1.64511, 1.502
-4.57794, 0.595881
0.064238, 1.27331
-4.90058, 0.549221
0.146902, 1.28585
2.70703, 1.65985
2.10622, 1.57227
-2.48228, 0.903887
0.264684, 1.30463
-5.65322, 0.441291
-2.9735, 0.832872
-3.87347, 0.701642
0.946389, 1.40509
-0.145686, 1.24663
2.58391, 1.64504
1.75091, 1.52379
-3.71345, 0.727278
-0.00378733, 1.26913
1.0052, 1.41679
-2.52435, 0.902393
-0.833966, 1.14912
-3.16264, 0.809498
2.0906, 1.5763
2.31675, 1.61005
1.86627, 1.54523
-5.97848, 0.40105
-5.2017, 0.51448
-3.0552, 0.828564
0.74809, 1.38389
-2.71172, 0.879406
1.3061, 1.46628
-0.868952, 1.14936
0.967272, 1.41783
-0.237132, 1.24222
-0.815744, 1.15889
-1.78567, 1.01775
-1.71071, 1.02882
0.607715, 1.36751
-4.86242, 0.569723
1.03214, 1.42971
-4.54107, 0.617507
-5.00905, 0.550443
-2.24968, 0.955553
-1.93317, 1.00207
1.93645, 1.56697
2.75481, 1.6864
0.142211, 1.3054
-1.30684, 1.09464
1.58178, 1.51686
-0.488094, 1.21594
0.125089, 1.30675
-5.2663, 0.522913
-4.05552, 0.69959
-1.52274, 1.06947
1.35223, 1.49095
-3.8952, 0.725895
0.372454, 1.34851
1.32011, 1.48904
2.48589, 1.65913
-3.08102, 0.849037
0.154171, 1.32152
1.06003, 1.45449
-2.04385, 1.00223
2.51144, 1.66751
0.100524, 1.31683
-4.49713, 0.646424
2.48288, 1.66554
0.496951, 1.37589
1.29715, 1.49267
-0.662139, 1.20707
2.12045, 1.614
0.543688, 1.38497
2.93291, 1.73367
-0.797222, 1.18962
-4.71724, 0.618209
-4.88099, 0.594977
-4.10943, 0.707599
-5.59705, 0.491285
0.614661, 1.39807
-6.09631, 0.419048
-0.9118, 1.17562
-4.67821, 0.626245
0.646645, 1.40416
-2.32394, 0.971012
-4.34974, 0.675608
0.907984, 1.4433
-3.08706, 0.861118
2.70592, 1.70757
-2.08584, 1.00861
0.925087, 1.44798
-5.44104, 0.51947
-3.77504, 0.763474
-0.259583, 1.27735
-2.87991, 0.895877
-4.52963, 0.65568
-2.07979, 1.01337
-4.0042, 0.732753
0.921365, 1.45193
-1.3515, 1.12235
-3.29369, 0.840309
1.21782, 1.49864
-2.49744, 0.957415
-1.87776, 1.04805
-6.10018, 0.432403
-4.10481, 0.725308
-3.5075, 0.81276
-1.58374, 1.09467
1.4103, 1.53262
-3.38184, 0.833624
2.2925, 1.66176
-0.452374, 1.26286
-4.79036, 0.630973
0.951923, 1.46892
-3.79402, 0.776927
-0.807875, 1.2127
-3.4886, 0.821813
-0.401235, 1.27226
-2.42457, 0.977716
-0.574795, 1.24847
-1.8267, 1.06586
1.18275, 1.5074
-4.8121, 0.633453
-0.673934, 1.23775
-1.51154, 1.1157
0.389711, 1.3933
-1.29538, 1.14747
-3.40982, 0.839642
0.883382, 1.46669
1.61636, 1.57411
1.20131, 1.51365
-3.51287, 0.826307
-4.02193, 0.752468
0.351564, 1.39112
-5.82372, 0.490684
-3.58315, 0.81839
-5.77646, 0.499568
-2.66067, 0.955871
-4.87221, 0.633317
-2.07445, 1.04329
-6.03758, 0.466349
-2.17837, 1.03051
1.61359, 1.58392
-1.93442, 1.06703
0.464571, 1.41805
-3.10796, 0.897697
0.193896, 1.38011
0.633457, 1.44427
0.178913, 1.37827
-5.33122, 0.575877
-5.44898, 0.559517
-0.0765659, 1.34339
-2.41141, 1.00391
2.1269, 1.66631
2.2487, 1.68522
-1.3384, 1.16194
2.15708, 1.6725
-0.559446, 1.27713
-2.75344, 0.957123
-5.73817, 0.521875
1.76669, 1.61678
0.149037, 1.38122
1.52599, 1.58268
-3.63332, 0.830648
-3.74404, 0.81591
-0.364304, 1.31195
0.808571, 1.48312
-4.30048, 0.738381
-5.70343, 0.534182
-1.7595, 1.10986
-2.00604, 1.07429
-0.841738, 1.24436
1.16179, 1.53728
1.40774, 1.57384
0.502185, 1.44179
1.07559, 1.52587
-1.33386, 1.17477
-3.39863, 0.873579
-2.84987, 0.953882
-3.76872, 0.81997
-5.77982, 0.526735
-1.62031, 1.13382
-4.31521, 0.740889
-3.3215, 0.886237
-3.91476, 0.799875
-3.57767, 0.849353
-4.81855, 0.671171
-1.9216, 1.09406
2.01045, 1.668
-5.85831, 0.520231
0.590917, 1.46171
0.938408, 1.51485
-4.52018, 0.71939
-2.15252, 1.06493
-3.464, 0.874322
-3.5336, 0.864447
-5.63105, 0.559065
2.45207, 1.73858
-2.75042, 0.979674
2.60217, 1.76111
-2.62609, 0.998441
-5.36336, 0.600532
-4.94327, 0.662086
0.631151, 1.47562
-0.434486, 1.32028
-1.90194, 1.10776
-2.22482, 1.06224
-0.759743, 1.27649
-4.70731, 0.7007
-4.9912, 0.660536
-2.06018, 1.08935
-0.247046, 1.35391
1.95753, 1.67712
-3.43805, 0.893473
-4.66367, 0.71597
2.46823, 1.75728
2.36372, 1.74254
0.484364, 1.46837
0.434557, 1.46451
-5.42521, 0.611302
-2.09646, 1.09721
-0.257102, 1.36793
-3.83909, 0.845384
-6.17408, 0.506052
-4.19886, 0.794661
1.64635, 1.64918
1.56206, 1.63787
-0.0569832, 1.40193
1.13625, 1.57906
-1.82206, 1.14922
-2.449, 1.0583
-0.247512, 1.38002
2.19908, 1.73833
-5.20908, 0.65831
-5.22833, 0.656857
-2.57275, 1.04529
-3.10979, 0.967825
1.91459, 1.70128
0.351761, 1.47355
-5.92564, 0.560638
-3.09387, 0.974328
-4.58391, 0.757583
-2.70604, 1.03215
-4.17201, 0.818336
-5.62347, 0.606868
-1.94981, 1.14285
-2.50477, 1.06261
2.38037, 1.77688
-4.9136, 0.712847
0.894118, 1.56045
-4.88122, 0.718583
-1.95131, 1.1463
-0.433218, 1.36786
-0.618993, 1.34139
-4.04939, 0.84211
-1.38367, 1.23126
-0.559874, 1.35166
-4.15958, 0.827438
-2.23814, 1.10856
2.25099, 1.76381
-0.89225, 1.30535
-5.31591, 0.660031
1.68142, 1.68111
2.77839, 1.8416
-5.80582, 0.589547
-2.61174, 1.05565
0.125035, 1.45525
-5.661, 0.61297
-2.709, 1.04403
1.22373, 1.61808
-3.95099, 0.864062
-0.57096, 1.35829
-5.81914, 0.592854
-5.50391, 0.639638
2.23451, 1.77034
-0.855398, 1.31953
-2.95868, 1.01318
-5.20337, 0.68609
-2.41634, 1.09485
0.850213, 1.57173
-5.2775, 0.678805
2.46284, 1.80915
-1.04031, 1.29841
2.08555, 1.75447
-0.476553, 1.38133
0.32908, 1.50098
1.29005, 1.64413
1.17108, 1.6285
0.490055, 1.52988
-5.66722, 0.63264
-4.00203, 0.876857
1.49111, 1.67874
-5.02222, 0.729664
1.5717, 1.69231
2.2598, 1.79333
1.85009, 1.73424
-4.36947, 0.827123
1.98724, 1.7562
1.17987, 1.63867
-5.05752, 0.728978
-1.87519, 1.19364
-3.7526, 0.91982
2.34423, 1.80932
-3.14374, 1.00991
0.0206261, 1.473
0.713884, 1.57458
-2.09253, 1.16692
-0.734737, 1.36589
-0.924718, 1.33922
-2.32945, 1.13428
-3.31365, 0.991899
-3.5285, 0.963089
-4.60247, 0.808738
-0.0533969, 1.47284
-5.61817, 0.66265
1.27238, 1.66966
-3.61747, 0.956302
-1.63095, 1.24691
-4.84507, 0.781167
-0.854449, 1.36372
-2.46302, 1.12906
-5.87388, 0.631544
-2.22074, 1.16598
2.32563, 1.83037
-3.79558, 0.937637
1.63228, 1.73035
-5.21365, 0.731625
-4.42149, 0.847758
1.22326, 1.67145
1.4551, 1.70529
2.47152, 1.85479
-2.76572, 1.09097
-5.37491, 0.710396
-4.00386, 0.910556
-5.6241, 0.674502
-5.82122, 0.646201
-2.45226, 1.14058
-3.50016, 0.988097
2.20363, 1.82158
-5.28201, 0.729853
2.11409, 1.80894
0.211514, 1.5319
-4.20642, 0.887588
-4.18857, 0.890451
-4.23428, 0.883849
2.61904, 1.88403
-3.21627, 1.03301
2.49266, 1.86601
-0.0545473, 1.49526
2.23529, 1.82963
-0.733514, 1.39651
-1.81566, 1.23902
-2.89047, 1.08238
-5.05218, 0.767088
-5.82679, 0.654322
-5.95165, 0.636425
-1.49859, 1.28735
-2.3614, 1.16172
-1.64855, 1.26596
-2.96486, 1.07449
-4.74938, 0.814219
0.882542, 1.63622
0.933483, 1.64384
1.23695, 1.68865
-1.81139, 1.24627
-2.71191, 1.1156
-6.05403, 0.628128
0.780818, 1.62595
-1.3106, 1.32088
-4.49487, 0.856845
0.695308, 1.61578
-2.14139, 1.20233
-4.19411, 0.903384
-6.17153, 0.615486
-3.45026, 1.01337
-3.8714, 0.953559
-3.97705, 0.938376
-2.90851, 1.09505
-0.901055, 1.38916
-5.11387, 0.776244
0.799133, 1.63933
0.247638, 1.55893
2.06266, 1.82408
1.76824, 1.78194
-3.37758, 1.03125
1.46734, 1.74026
-2.96969, 1.09354
-3.79738, 0.972848
-3.46886, 1.02081
-0.615775, 1.43726
-2.09871, 1.222
1.4291, 1.73731
-5.61253, 0.711034
-4.54015, 0.867745
-6.38406, 0.598777
-1.99516, 1.24009
-2.07895, 1.22962
-6.05746, 0.649638
-3.32327, 1.0488
-1.03014, 1.38355
-0.485777, 1.46302
-3.55716, 1.01561
-0.632771, 1.44399
-2.54648, 1.16488
-2.62088, 1.15461
1.24512, 1.72113
0.820478, 1.66088
-6.05467, 0.658462
-5.91481, 0.681148
-1.20794, 1.36866
-2.5548, 1.17248
-0.497592, 1.47295
1.81298, 1.81008
-0.0737955, 1.53515
-1.94756, 1.26203
-2.15073, 1.23354
-3.94559, 0.97229
-5.35723, 0.766528
-1.61074, 1.3147
-1.02916, 1.39959
2.2266, 1.87548
1.10195, 1.71157
1.04584, 1.70348
1.75884, 1.80868
1.33536, 1.74723
0.171384, 1.57907
-1.69318, 1.30752
-4.27392, 0.931436
0.872316, 1.68232
-3.624, 1.02637
1.26295, 1.73984
-4.9209, 0.837786
2.48805, 1.91987
-6.02136, 0.679247
1.06849, 1.7143
-5.13376, 0.809517
2.09449, 1.86448
-4.32532, 0.927969
-6.28978, 0.641406
-3.54115, 1.04259
-5.89522, 0.699162
-5.4588, 0.763356
-0.252454, 1.52388
0.542132, 1.63995
-5.7919, 0.716419
-2.92027, 1.13598
-2.75782, 1.16057
-1.21395, 1.38981
2.10344, 1.87407
-0.810324, 1.44931
-3.99441, 0.984859
-0.517257, 1.49228
-6.4116, 0.63338
-4.88193, 0.857247
-1.58672, 1.33835
-0.937566, 1.43324
0.266281, 1.60957
-0.469746, 1.50308
-2.00559, 1.28051
2.35793, 1.92264
-5.95696, 0.711132
-2.54661, 1.21025
0.333435, 1.63139
0.737478, 1.69209
-3.49799, 1.07516
-4.62127, 0.911797
-3.72665, 1.04252
-1.59519, 1.35358
-1.17857, 1.41745
-6.31268, 0.668526
-3.83182, 1.03085
-4.56525, 0.923897
-6.30027, 0.670972
-1.17675, 1.41907
0.0383932, 1.59671
1.62753, 1.82896
-3.16353, 1.1301
-2.80794, 1.18252
1.57478, 1.82303
-3.96647, 1.01498
-4.85271, 0.887685
-2.21021, 1.27368
1.53142, 1.81998
-2.32349, 1.25808
-4.07267, 1.00317
-2.83557, 1.18373
-4.89323, 0.883667
-1.8137, 1.33302
1.39067, 1.80065
2.33656, 1.93912
-1.35986, 1.40158
-5.76667, 0.759051
-6.35937, 0.67394
-3.78473, 1.04983
-0.934408, 1.46586
1.6143, 1.83806
-4.56697, 0.936565
0.427568, 1.66564
-1.71693, 1.35302
-0.159464, 1.58034
2.02479, 1.89948
-0.625666, 1.51397
-4.44287, 0.957928
-1.46799, 1.39224
-4.33395, 0.975145
-4.56917, 0.941718
-4.07413, 1.014
-4.64935, 0.931768
-3.27577, 1.13244
-5.77528, 0.768209
-5.69802, 0.779608
-0.569723, 1.5283
-5.85479, 0.757595
-1.25283, 1.42944
-4.02601, 1.02485
-0.202902, 1.58266
1.93043, 1.89396
-5.28221, 0.842641
1.20723, 1.78943
-1.4322, 1.40475
-6.33951, 0.689725
0.706693, 1.71816
0.335815, 1.66527
0.0733833, 1.62913
-5.49917, 0.816648
0.381274, 1.67535
-5.89778, 0.760169
1.20393, 1.79624
-0.392548, 1.56458
0.148823, 1.64377
-5.77214, 0.780067
-0.27318, 1.58311
-0.625242, 1.5328
0.328683, 1.67254
2.15372, 1.93885
-4.05772, 1.03345
-5.14858, 0.874425
-2.85179, 1.21056
-5.53889, 0.818566
2.06935, 1.92876
-1.83834, 1.3601
-3.36834, 1.13705
1.63879, 1.86763
-1.67507, 1.38434
0.758267, 1.73998
2.26927, 1.96252
2.14264, 1.94496
-4.72967, 0.942867
-1.39788, 1.42979
-5.02447, 0.902183
-3.54575, 1.1186
-5.53136, 0.829871
-0.882894, 1.50845
-2.09233, 1.33227
-1.23244, 1.45799
-3.07588, 1.19269
-3.49599, 1.13239
-3.63416, 1.11314
-3.53795, 1.12748
-1.6028, 1.4098
1.7934, 1.9056
-1.98356, 1.35494
1.61254, 1.87974
-6.16899, 0.744533
-3.56196, 1.12631
0.536246, 1.72522
-1.71983, 1.39675
-5.44945, 0.85269
-3.14084, 1.18982
-0.464929, 1.58047
1.34648, 1.84477
-1.45753, 1.43696
0.842304, 1.7728
-3.70765, 1.10914
-6.39413, 0.718014
-4.54963, 0.987306
-2.62159, 1.26925
-5.64816, 0.829886
0.78066, 1.76787
-0.147503, 1.63364
-1.74545, 1.40165
0.404531, 1.71735
-1.89635, 1.3824
-2.35276, 1.31635
-0.156974, 1.63702
0.555435, 1.74222
2.28134, 1.99564
-5.85595, 0.809919
1.75007, 1.91977
-0.899472, 1.53367
-4.30963, 1.03943
-4.34799, 1.03389
-2.98178, 1.2336
-4.15818, 1.06202
2.03226, 1.96526
-6.37195, 0.739902
-1.71475, 1.41972
-2.07331, 1.36764
-1.65241, 1.42918
2.41625, 2.02346
1.43706, 1.88238
1.77783, 1.93248
1.0771, 1.83138
-0.0621484, 1.66574
-4.43995, 1.02788
1.08342, 1.83428
-0.404111, 1.61795
-6.25747, 0.764902
-4.12825, 1.07805
0.942598, 1.81803
-3.25961, 1.20503
1.54264, 1.90585
-0.798911, 1.56431
-5.47434, 0.882564
-5.61691, 0.862229
-4.11444, 1.08208
-4.56981, 1.01583
1.81321, 1.94711
-0.556066, 1.60193
-4.06823, 1.0922
-6.16584, 0.786982
-5.54554, 0.877963
-6.2079, 0.781716
-2.43439, 1.33265
-0.133381, 1.66885
-0.226113, 1.65535
-3.89152, 1.12145
1.76489, 1.94694
-6.35622, 0.762267
-2.07786, 1.38741
-4.61377, 1.01795
2.27052, 2.02316
-6.10097, 0.802024
-5.51021, 0.888307
-0.967692, 1.55127
-2.78679, 1.28669
-4.78017, 0.996279
-2.84806, 1.27821
1.16751, 1.86481
-0.427458, 1.63371
1.69722, 1.94411
-3.44442, 1.19409
-3.05781, 1.2512
-2.13124, 1.38713
0.829252, 1.82008
-4.89414, 0.986338
-3.3852, 1.20684
0.318051, 1.74757
1.01072, 1.84864
-6.1946, 0.798264
2.43714, 2.05759
-2.71901, 1.3054
-3.25127, 1.22788
-1.20464, 1.52661
-0.076335, 1.6914
